sample,k__Bacteria|p__Bacteroidetes|c__Bacteroidia|o__Bacteroidales|f__Prevotellaceae|g__Prevotella|s__Prevotella_copri_clade_D|t__SGB1636_group,k__Bacteria|p__Bacteroidetes|c__Bacteroidia|o__Bacteroidales|f__Prevotellaceae|g__GGB1266|s__GGB1266_SGB1699|t__SGB1699,k__Bacteria|p__Bacteroidetes|c__Bacteroidia|o__Bacteroidales|f__Prevotellaceae|g__Prevotella|s__Prevotella_copri_clade_C|t__SGB1644,k__Bacteria|p__Bacteroidetes|c__Bacteroidia|o__Bacteroidales|f__Prevotellaceae|g__Prevotella|s__Prevotella_SGB1680|t__SGB1680,k__Bacteria|p__Bacteroidetes|c__Bacteroidia|o__Bacteroidales|f__Bacteroidaceae|g__Bacteroidaceae_unclassified|s__Bacteroidaceae_bacterium|t__SGB1474,k__Bacteria|p__Bacteroidetes|c__Bacteroidia|o__Bacteroidales|f__Prevotellaceae|g__Prevotella|s__Prevotella_copri_clade_A|t__SGB1626,k__Bacteria|p__Bacteroidetes|c__Bacteroidia|o__Bacteroidales|f__Bacteroidaceae|g__Bacteroidaceae_unclassified|s__Bacteroidaceae_bacterium|t__SGB1472,k__Bacteria|p__Bacteroidetes|c__Bacteroidia|o__Bacteroidales|f__Prevotellaceae|g__GGB1235|s__GGB1235_SGB1614|t__SGB1614,k__Bacteria|p__Firmicutes|c__Negativicutes|o__Acidaminococcales|f__Acidaminococcaceae|g__Phascolarctobacterium|s__Phascolarctobacterium_succinatutens|t__SGB5765_group,k__Bacteria|p__Bacteroidetes|c__Bacteroidia|o__Bacteroidales|f__Rikenellaceae|g__GGB1630|s__GGB1630_SGB2238|t__SGB2238,k__Bacteria|p__Bacteroidetes|c__Bacteroidia|o__Bacteroidales|f__Prevotellaceae|g__GGB1250|s__GGB1250_SGB1673|t__SGB1673,k__Bacteria|p__Firmicutes|c__Clostridia|o__Clostridiales|f__Clostridiaceae|g__Clostridium|s__Clostridium_sp_AF15_49|t__SGB5111,k__Bacteria|p__Firmicutes|c__Clostridia|o__Clostridiales|f__Oscillospiraceae|g__Oscillibacter|s__Oscillibacter_sp_ER4|t__SGB15254,k__Bacteria|p__Planctomycetes|c__Planctomycetia|o__Pirellulales|f__Pirellulaceae|g__GGB6565|s__GGB6565_SGB9274|t__SGB9274,k__Bacteria|p__Bacteroidetes|c__Bacteroidia|o__Bacteroidales|f__Prevotellaceae|g__GGB1243|s__GGB1243_SGB1663|t__SGB1663,k__Bacteria|p__Bacteroidetes|c__Bacteroidia|o__Bacteroidales|f__Prevotellaceae|g__Prevotella|s__Prevotella_copri_clade_B|t__SGB1613,k__Bacteria|p__Bacteroidetes|c__Bacteroidia|o__Bacteroidales|f__Prevotellaceae|g__Prevotella|s__Prevotella_sp_P4_51|t__SGB1666,k__Bacteria|p__Bacteroidetes|c__Bacteroidia|o__Bacteroidales|f__Bacteroidales_unclassified|g__GGB1495|s__GGB1495_SGB2071|t__SGB2071,k__Bacteria|p__Bacteroidetes|c__Bacteroidia|o__Bacteroidales|f__Prevotellaceae|g__GGB1239|s__GGB1239_SGB1657|t__SGB1657,k__Bacteria|p__Bacteroidetes|c__Bacteroidia|o__Bacteroidales|f__Tannerellaceae|g__Parabacteroides|s__Parabacteroides_distasonis|t__SGB1934,k__Bacteria|p__Proteobacteria|c__Betaproteobacteria|o__Burkholderiales|f__Sutterellaceae|g__Sutterella|s__Sutterella_wadsworthensis|t__SGB9286,k__Bacteria|p__Bacteroidetes|c__Bacteroidia|o__Bacteroidales|f__Prevotellaceae|g__GGB1246|s__GGB1246_SGB1667|t__SGB1667,k__Bacteria|p__Bacteroidetes|c__Bacteroidia|o__Bacteroidales|f__Prevotellaceae|g__Paraprevotella|s__Paraprevotella_clara|t__SGB1798,k__Bacteria|p__Firmicutes|c__Clostridia|o__Clostridiales|f__Lachnospiraceae|g__Anaerotignum|s__Anaerotignum_faecicola|t__SGB5190,k__Bacteria|p__Firmicutes|c__Clostridia|o__Clostridiales|f__Ruminococcaceae|g__Ruminococcaceae_unclassified|s__Eubacterium_siraeum|t__SGB4198_group,k__Bacteria|p__Proteobacteria|c__CFGB1062|o__OFGB1062|f__FGB1062|g__GGB2734|s__GGB2734_SGB3677|t__SGB3677,k__Bacteria|p__Proteobacteria|c__Deltaproteobacteria|o__Desulfovibrionales|f__Desulfovibrionaceae|g__Desulfovibrionaceae_unclassified|s__Desulfovibrionaceae_bacterium|t__SGB15460,k__Bacteria|p__Firmicutes|c__Clostridia|o__Clostridiales|f__Ruminococcaceae|g__Gemmiger|s__Gemmiger_formicilis|t__SGB15300,k__Bacteria|p__Firmicutes|c__Clostridia|o__Clostridiales|f__Clostridiaceae|g__Clostridium|s__Clostridium_sp_AF34_10BH|t__SGB4914,k__Bacteria|p__Bacteroidetes|c__Bacteroidia|o__Bacteroidales|f__Prevotellaceae|g__GGB1247|s__GGB1247_SGB1668|t__SGB1668,k__Bacteria|p__Firmicutes|c__Clostridia|o__Clostridiales|f__Ruminococcaceae|g__GGB9635|s__GGB9635_SGB15106|t__SGB15106,k__Bacteria|p__Bacteroidetes|c__Bacteroidia|o__Bacteroidales|f__Rikenellaceae|g__GGB1629|s__GGB1629_SGB2237|t__SGB2237,k__Bacteria|p__Bacteroidetes|c__Bacteroidia|o__Bacteroidales|f__Bacteroidales_unclassified|g__Bacteroidales_unclassified|s__Bacteroidales_bacterium|t__SGB2021,k__Bacteria|p__Bacteroidetes|c__Bacteroidia|o__Bacteroidales|f__Prevotellaceae|g__Prevotellamassilia|s__Prevotellamassilia_timonensis|t__SGB1477_group,k__Bacteria|p__Firmicutes|c__Clostridia|o__Clostridiales|f__Lachnospiraceae|g__Lachnospira|s__Lachnospira_eligens|t__SGB5082_group,k__Bacteria|p__Firmicutes|c__Clostridia|o__Clostridiales|f__Lachnospiraceae|g__Lachnospiraceae_unclassified|s__Lachnospiraceae_bacterium_OM04_12BH|t__SGB4893,k__Bacteria|p__Bacteroidetes|c__Bacteroidia|o__Bacteroidales|f__Bacteroidales_unclassified|g__Phocaeicola|s__Phocaeicola_vulgatus|t__SGB1814,k__Bacteria|p__Proteobacteria|c__Deltaproteobacteria|o__Desulfovibrionales|f__Desulfovibrionaceae|g__Desulfovibrio|s__Desulfovibrio_piger|t__SGB15467_group,k__Bacteria|p__Bacteroidetes|c__Bacteroidia|o__Bacteroidales|f__Rikenellaceae|g__Alistipes|s__Alistipes_dispar|t__SGB2311,k__Bacteria|p__Firmicutes|c__Clostridia|o__Clostridiales|f__Ruminococcaceae|g__GGB9634|s__GGB9634_SGB15093|t__SGB15093,k__Bacteria|p__Bacteroidetes|c__Bacteroidia|o__Bacteroidales|f__Bacteroidaceae|g__GGB1380|s__GGB1380_SGB1883|t__SGB1883_group,k__Bacteria|p__Firmicutes|c__Clostridia|o__Clostridiales|f__Lachnospiraceae|g__Roseburia|s__Roseburia_hominis|t__SGB4936,k__Bacteria|p__Bacteroidetes|c__Bacteroidia|o__Bacteroidales|f__Prevotellaceae|g__GGB1249|s__GGB1249_SGB1670|t__SGB1670,k__Bacteria|p__Firmicutes|c__Clostridia|o__Clostridiales|f__Ruminococcaceae|g__GGB9635|s__GGB9635_SGB15103|t__SGB15103,k__Bacteria|p__Firmicutes|c__Clostridia|o__Clostridiales|f__Ruminococcaceae|g__Ruminococcus|s__Ruminococcus_sp_NSJ_71|t__SGB4290,k__Bacteria|p__Bacteroidetes|c__Bacteroidia|o__Bacteroidales|f__Tannerellaceae|g__Parabacteroides|s__Parabacteroides_merdae|t__SGB1949,k__Bacteria|p__Firmicutes|c__Erysipelotrichia|o__Erysipelotrichales|f__Erysipelotrichaceae|g__Catenibacterium|s__Catenibacterium_sp_AM22_15|t__SGB6783_group,k__Bacteria|p__Bacteroidetes|c__Bacteroidia|o__Bacteroidales|f__Prevotellaceae|g__Prevotella|s__Prevotella_SGB1675|t__SGB1675,k__Bacteria|p__Firmicutes|c__Clostridia|o__Clostridiales|f__Ruminococcaceae|g__Ruminococcaceae_unclassified|s__Ruminococcaceae_unclassified_SGB15260|t__SGB15260,k__Bacteria|p__Firmicutes|c__Clostridia|o__Clostridiales|f__Lachnospiraceae|g__Mediterraneibacter|s__Ruminococcus_torques|t__SGB4563_group,k__Bacteria|p__Firmicutes|c__Clostridia|o__Clostridiales|f__Ruminococcaceae|g__GGB9615|s__GGB9615_SGB15053|t__SGB15053_group,k__Bacteria|p__Bacteroidetes|c__Bacteroidia|o__Bacteroidales|f__Prevotellaceae|g__Prevotella|s__Prevotella_sp_Marseille_P4119|t__SGB1676,k__Bacteria|p__Firmicutes|c__Clostridia|o__Clostridiales|f__Clostridiaceae|g__Clostridium|s__Clostridium_fessum|t__SGB4705,k__Bacteria|p__Firmicutes|c__Clostridia|o__Clostridiales|f__Ruminococcaceae|g__Faecalibacterium|s__Faecalibacterium_prausnitzii|t__SGB15318_group,k__Bacteria|p__Firmicutes|c__CFGB1340|o__OFGB1340|f__FGB1340|g__GGB3256|s__GGB3256_SGB4303|t__SGB4303,k__Bacteria|p__Firmicutes|c__Erysipelotrichia|o__Erysipelotrichales|f__Erysipelotrichaceae|g__Holdemanella|s__Holdemanella_biformis|t__SGB6806_group,k__Bacteria|p__Firmicutes|c__Clostridia|o__Clostridia_unclassified|f__Clostridia_unclassified|g__Clostridia_unclassified|s__Clostridia_unclassified_SGB13999|t__SGB13999,k__Bacteria|p__Proteobacteria|c__Deltaproteobacteria|o__Desulfovibrionales|f__Desulfovibrionaceae|g__Bilophila|s__Bilophila_wadsworthia|t__SGB15452,k__Bacteria|p__Spirochaetes|c__Spirochaetia|o__Brachyspirales|f__Brachyspiraceae|g__Brachyspira|s__Brachyspira_aalborgi|t__SGB5967,k__Bacteria|p__Firmicutes|c__Clostridia|o__Clostridiales|f__Ruminococcaceae|g__Faecalibacterium|s__Faecalibacterium_prausnitzii|t__SGB15316_group,k__Bacteria|p__Firmicutes|c__Clostridia|o__Clostridiales|f__Ruminococcaceae|g__GGB9730|s__GGB9730_SGB15291|t__SGB15291,k__Bacteria|p__Firmicutes|c__Clostridia|o__Clostridiales|f__Clostridiaceae|g__Clostridium|s__Clostridium_sp_AF20_17LB|t__SGB4714,k__Bacteria|p__Firmicutes|c__Clostridia|o__Clostridia_unclassified|f__Clostridia_unclassified|g__Clostridia_unclassified|s__Clostridia_bacterium|t__SGB14007,k__Bacteria|p__Firmicutes|c__Clostridia|o__Clostridia_unclassified|f__Clostridia_unclassified|g__Clostridia_unclassified|s__Clostridia_bacterium|t__SGB14861,k__Bacteria|p__Firmicutes|c__Clostridia|o__Clostridiales|f__Oscillospiraceae|g__Dysosmobacter|s__Dysosmobacter_welbionis|t__SGB15078,k__Bacteria|p__Firmicutes|c__Clostridia|o__Clostridiales|f__Lachnospiraceae|g__Lachnospiraceae_unclassified|s__Lachnospiraceae_bacterium|t__SGB4909,k__Bacteria|p__Firmicutes|c__Clostridia|o__Clostridiales|f__Lachnospiraceae|g__Lachnospira|s__Lachnospira_pectinoschiza|t__SGB5075_group,k__Bacteria|p__Firmicutes|c__Clostridia|o__Clostridiales|f__Lachnospiraceae|g__Lachnospiraceae_unclassified|s__Eubacterium_rectale|t__SGB4933_group,k__Bacteria|p__Firmicutes|c__Clostridia|o__Clostridiales|f__Lachnospiraceae|g__GGB3859|s__GGB3859_SGB5234|t__SGB5234_group,k__Bacteria|p__Bacteroidetes|c__CFGB544|o__OFGB544|f__FGB544|g__GGB1123|s__GGB1123_SGB1437|t__SGB1437,k__Bacteria|p__Actinobacteria|c__Coriobacteriia|o__Coriobacteriales|f__Coriobacteriaceae|g__Collinsella|s__Collinsella_aerofaciens|t__SGB14546_group,k__Bacteria|p__Firmicutes|c__Clostridia|o__Clostridiales|f__Clostridiaceae|g__Clostridium|s__Clostridium_sp_AM22_11AC|t__SGB4749,k__Bacteria|p__Bacteroidetes|c__Bacteroidia|o__Bacteroidales|f__Bacteroidaceae|g__Bacteroides|s__Bacteroides_uniformis|t__SGB1836_group,k__Bacteria|p__Firmicutes|c__Erysipelotrichia|o__Erysipelotrichales|f__Erysipelotrichaceae|g__Erysipelotrichaceae_unclassified|s__Erysipelotrichaceae_bacterium|t__SGB6836_group,k__Bacteria|p__Firmicutes|c__Negativicutes|o__Selenomonadales|f__Selenomonadaceae|g__GGB4979|s__GGB4979_SGB6973|t__SGB6973,k__Bacteria|p__Firmicutes|c__Clostridia|o__Clostridiales|f__Clostridiales_unclassified|g__Clostridiales_unclassified|s__Clostridiales_unclassified_SGB15145|t__SGB15145,k__Bacteria|p__Firmicutes|c__Clostridia|o__Clostridiales|f__Lachnospiraceae|g__Roseburia|s__Roseburia_inulinivorans|t__SGB4940,k__Bacteria|p__Firmicutes|c__Clostridia|o__Clostridiales|f__Ruminococcaceae|g__GGB9627|s__GGB9627_SGB15081|t__SGB15081,k__Bacteria|p__Firmicutes|c__Clostridia|o__Clostridiales|f__Lachnospiraceae|g__GGB3862|s__GGB3862_SGB5239|t__SGB5239,k__Bacteria|p__Firmicutes|c__Clostridia|o__Clostridiales|f__Clostridiaceae|g__Clostridium|s__Clostridium_phoceensis|t__SGB15154,k__Bacteria|p__Firmicutes|c__Clostridia|o__Clostridiales|f__Ruminococcaceae|g__Gemmiger|s__Gemmiger_SGB15299|t__SGB15299,k__Bacteria|p__Firmicutes|c__Clostridia|o__Clostridiales|f__Ruminococcaceae|g__GGB9631|s__GGB9631_SGB15085|t__SGB15085,k__Bacteria|p__Firmicutes|c__Clostridia|o__Clostridiales|f__Ruminococcaceae|g__GGB9712|s__GGB9712_SGB15244|t__SGB15244,k__Bacteria|p__Bacteroidetes|c__Bacteroidia|o__Bacteroidales|f__Rikenellaceae|g__Alistipes|s__Alistipes_ihumii|t__SGB2328,k__Bacteria|p__Bacteroidetes|c__Bacteroidia|o__Bacteroidales|f__Odoribacteraceae|g__Butyricimonas|s__Butyricimonas_faecalis|t__SGB1782,k__Bacteria|p__Firmicutes|c__CFGB1218|o__OFGB1218|f__FGB1218|g__GGB2983|s__GGB2983_SGB3965|t__SGB3965,k__Bacteria|p__Bacteroidetes|c__Bacteroidia|o__Bacteroidales|f__Rikenellaceae|g__Rikenellaceae_unclassified|s__Rikenellaceae_bacterium|t__SGB2215,k__Bacteria|p__Firmicutes|c__Clostridia|o__Clostridia_unclassified|f__Clostridia_unclassified|g__GGB4585|s__GGB4585_SGB6340|t__SGB6340,k__Bacteria|p__Bacteroidetes|c__Bacteroidia|o__Bacteroidales|f__Odoribacteraceae|g__Odoribacter|s__Odoribacter_splanchnicus|t__SGB1790,k__Bacteria|p__Firmicutes|c__Clostridia|o__Clostridiales|f__Ruminococcaceae|g__GGB9632|s__GGB9632_SGB15089|t__SGB15089,k__Bacteria|p__Bacteroidetes|c__Bacteroidia|o__Bacteroidales|f__Tannerellaceae|g__Parabacteroides|s__Parabacteroides_johnsonii|t__SGB1948,k__Bacteria|p__Firmicutes|c__Clostridia|o__Clostridiales|f__Ruminococcaceae|g__GGB9621|s__GGB9621_SGB15073|t__SGB15073,k__Bacteria|p__Bacteroidetes|c__Bacteroidia|o__Bacteroidales|f__Prevotellaceae|g__Prevotella|s__Prevotella_hominis|t__SGB1617_group,k__Bacteria|p__Firmicutes|c__Clostridia|o__Clostridiales|f__Ruminococcaceae|g__Ruminococcaceae_unclassified|s__Ruminococcaceae_bacterium_AM07_15|t__SGB14974,k__Bacteria|p__Actinobacteria|c__Coriobacteriia|o__Coriobacteriales|f__Coriobacteriaceae|g__Senegalimassilia|s__Senegalimassilia_anaerobia|t__SGB14824_group,k__Bacteria|p__Bacteroidetes|c__Bacteroidia|o__Bacteroidales|f__Prevotellaceae|g__GGB1250|s__GGB1250_SGB1672|t__SGB1672_group,k__Bacteria|p__Actinobacteria|c__Coriobacteriia|o__Eggerthellales|f__Eggerthellaceae|g__Slackia|s__Slackia_isoflavoniconvertens|t__SGB14773_group,k__Bacteria|p__Firmicutes|c__Clostridia|o__Clostridia_unclassified|f__Clostridia_unclassified|g__GGB4566|s__GGB4566_SGB6305|t__SGB6305,k__Bacteria|p__Firmicutes|c__Negativicutes|o__Veillonellales|f__Veillonellaceae|g__Allisonella|s__Allisonella_histaminiformans|t__SGB5843,k__Bacteria|p__Firmicutes|c__Clostridia|o__Clostridiales|f__Lachnospiraceae|g__Roseburia|s__Roseburia_sp_AF02_12|t__SGB4938,k__Bacteria|p__Bacteroidetes|c__Bacteroidia|o__Bacteroidales|f__Odoribacteraceae|g__Butyricimonas|s__Butyricimonas_virosa|t__SGB1784,k__Bacteria|p__Firmicutes|c__Clostridia|o__Clostridiales|f__Ruminococcaceae|g__Flavonifractor|s__Flavonifractor_plautii|t__SGB15132,k__Bacteria|p__Firmicutes|c__Clostridia|o__Clostridiales|f__Lachnospiraceae|g__Lachnospiraceae_unclassified|s__Lachnospiraceae_unclassified_SGB4894|t__SGB4894,k__Bacteria|p__Firmicutes|c__Clostridia|o__Clostridiales|f__Lachnospiraceae|g__Roseburia|s__Roseburia_faecis|t__SGB4925,k__Bacteria|p__Firmicutes|c__Clostridia|o__Clostridiales|f__Ruminococcaceae|g__GGB9615|s__GGB9615_SGB15052|t__SGB15052,k__Bacteria|p__Firmicutes|c__Clostridia|o__Clostridia_unclassified|f__Clostridia_unclassified|g__Clostridia_unclassified|s__Clostridia_bacterium|t__SGB3988,k__Bacteria|p__Bacteroidetes|c__Bacteroidia|o__Bacteroidales|f__Rikenellaceae|g__Rikenellaceae_unclassified|s__Rikenellaceae_bacterium|t__SGB2241,k__Bacteria|p__Firmicutes|c__Clostridia|o__Clostridiales|f__Ruminococcaceae|g__Ruminococcaceae_unclassified|s__Ruminococcaceae_unclassified_SGB15257|t__SGB15257,k__Bacteria|p__Firmicutes|c__Bacilli|o__Bacilli_unclassified|f__Bacilli_unclassified|g__GGB4672|s__GGB4672_SGB6461|t__SGB6461,k__Bacteria|p__Firmicutes|c__Clostridia|o__Clostridiales|f__Lachnospiraceae|g__Dorea|s__Dorea_longicatena|t__SGB4581,k__Bacteria|p__Firmicutes|c__Clostridia|o__Clostridiales|f__Lachnospiraceae|g__Lachnospiraceae_unclassified|s__Lachnospiraceae_bacterium|t__SGB4767,k__Bacteria|p__Firmicutes|c__Clostridia|o__Clostridiales|f__Ruminococcaceae|g__GGB9705|s__GGB9705_SGB15225|t__SGB15225,k__Bacteria|p__Firmicutes|c__Clostridia|o__Clostridiales|f__Ruminococcaceae|g__GGB9614|s__GGB9614_SGB15049|t__SGB15049,k__Bacteria|p__Bacteroidetes|c__Bacteroidia|o__Bacteroidales|f__Rikenellaceae|g__GGB1631|s__GGB1631_SGB2239|t__SGB2239,k__Bacteria|p__Firmicutes|c__Clostridia|o__Clostridiales|f__Lachnospiraceae|g__Lacrimispora|s__Lacrimispora_amygdalina|t__SGB4716,k__Bacteria|p__Firmicutes|c__Clostridia|o__Clostridiales|f__Lachnospiraceae|g__Lachnospiraceae_unclassified|s__Lachnospiraceae_bacterium|t__SGB4706,k__Bacteria|p__Proteobacteria|c__Gammaproteobacteria|o__Enterobacterales|f__Enterobacteriaceae|g__Escherichia|s__Escherichia_coli|t__SGB10068,k__Bacteria|p__Firmicutes|c__Clostridia|o__Clostridiales|f__Ruminococcaceae|g__GGB9635|s__GGB9635_SGB15101|t__SGB15101,k__Bacteria|p__Bacteroidetes|c__Bacteroidia|o__Bacteroidales|f__Rikenellaceae|g__Alistipes|s__Alistipes_senegalensis|t__SGB2296,k__Bacteria|p__Firmicutes|c__Clostridia|o__Clostridiales|f__Ruminococcaceae|g__Ruminococcus|s__Ruminococcus_bromii|t__SGB4285_group,k__Bacteria|p__Firmicutes|c__Clostridia|o__Clostridiales|f__Eubacteriaceae|g__Eubacterium|s__Eubacterium_sp_AM28_29|t__SGB6796_group,k__Bacteria|p__Firmicutes|c__Clostridia|o__Clostridiales|f__Lachnospiraceae|g__Coprococcus|s__Coprococcus_comes|t__SGB4577_group,k__Bacteria|p__Firmicutes|c__Clostridia|o__Clostridiales|f__Ruminococcaceae|g__Agathobaculum|s__Agathobaculum_butyriciproducens|t__SGB14993_group,k__Bacteria|p__Firmicutes|c__Clostridia|o__Clostridiales|f__Ruminococcaceae|g__GGB9699|s__GGB9699_SGB15216|t__SGB15216,k__Bacteria|p__Proteobacteria|c__CFGB2394|o__OFGB2394|f__FGB2394|g__GGB6544|s__GGB6544_SGB9243|t__SGB9243,k__Bacteria|p__Firmicutes|c__Clostridia|o__Clostridiales|f__Ruminococcaceae|g__Faecalibacterium|s__Faecalibacterium_prausnitzii|t__SGB15342,k__Bacteria|p__Bacteroidetes|c__Bacteroidia|o__Bacteroidales|f__Rikenellaceae|g__GGB1632|s__GGB1632_SGB2240|t__SGB2240,k__Bacteria|p__Firmicutes|c__Clostridia|o__Clostridiales|f__Clostridiales_unclassified|g__Clostridiales_unclassified|s__Clostridiales_bacterium|t__SGB15143,k__Bacteria|p__Proteobacteria|c__Betaproteobacteria|o__Burkholderiales|f__Sutterellaceae|g__Sutterella|s__Sutterella_wadsworthensis|t__SGB9283,k__Bacteria|p__Firmicutes|c__Clostridia|o__Clostridia_unclassified|f__Clostridia_unclassified|g__GGB9494|s__GGB9494_SGB14891|t__SGB14891,k__Bacteria|p__Firmicutes|c__Clostridia|o__Clostridiales|f__Lachnospiraceae|g__Faecalicatena|s__Faecalicatena_fissicatena|t__SGB4871_group,k__Bacteria|p__Actinobacteria|c__Coriobacteriia|o__Coriobacteriales|f__Coriobacteriaceae|g__Senegalimassilia|s__Senegalimassilia_faecalis|t__SGB14822,k__Bacteria|p__Firmicutes|c__Clostridia|o__Clostridiales|f__Lachnospiraceae|g__Blautia|s__Blautia_wexlerae|t__SGB4837_group,k__Bacteria|p__Firmicutes|c__Clostridia|o__Clostridiales|f__Lachnospiraceae|g__Lachnospiraceae_unclassified|s__Lachnospiraceae_bacterium|t__SGB4750,k__Bacteria|p__Firmicutes|c__Clostridia|o__Clostridiales|f__Ruminococcaceae|g__Faecalibacterium|s__Faecalibacterium_prausnitzii|t__SGB15332_group,k__Bacteria|p__Firmicutes|c__Clostridia|o__Clostridiales|f__Ruminococcaceae|g__Ruminococcus|s__Ruminococcus_callidus|t__SGB4422,k__Bacteria|p__Firmicutes|c__Clostridia|o__Clostridiales|f__Ruminococcaceae|g__GGB9642|s__GGB9642_SGB15119|t__SGB15119,k__Bacteria|p__Firmicutes|c__Clostridia|o__Clostridiales|f__Clostridiaceae|g__Clostridium|s__Clostridium_sp_AF36_4|t__SGB4644,k__Bacteria|p__Firmicutes|c__Clostridia|o__Clostridiales|f__Lachnospiraceae|g__Lachnospiraceae_unclassified|s__Lachnospiraceae_bacterium|t__SGB5060,k__Bacteria|p__Firmicutes|c__Clostridia|o__Clostridia_unclassified|f__Clostridia_unclassified|g__Candidatus_Avimicrobium|s__Candidatus_Avimicrobium_caecorum|t__SGB15350,k__Bacteria|p__Bacteroidetes|c__Bacteroidia|o__Bacteroidales|f__Barnesiellaceae|g__Barnesiella|s__Barnesiella_intestinihominis|t__SGB1965,k__Bacteria|p__Firmicutes|c__Clostridia|o__Clostridiales|f__Lachnospiraceae|g__Lacrimispora|s__Lacrimispora_celerecrescens|t__SGB4868,k__Bacteria|p__Firmicutes|c__Clostridia|o__Clostridiales|f__Ruminococcaceae|g__Ruminococcaceae_unclassified|s__Ruminococcaceae_bacterium|t__SGB15249,k__Bacteria|p__Firmicutes|c__Clostridia|o__Clostridiales|f__Ruminococcaceae|g__Ruminococcaceae_unclassified|s__Clostridium_leptum|t__SGB14853,k__Bacteria|p__Proteobacteria|c__Alphaproteobacteria|o__Rhizobiales|f__Phyllobacteriaceae|g__GGB38171|s__GGB38171_SGB72433|t__SGB72433_group,k__Bacteria|p__Firmicutes|c__Clostridia|o__Clostridiales|f__Christensenellaceae|g__Christensenellaceae_unclassified|s__Christensenellaceae_bacterium|t__SGB14128,k__Bacteria|p__Bacteroidetes|c__Bacteroidia|o__Bacteroidales|f__Prevotellaceae|g__Prevotella|s__Prevotella_sp_885|t__SGB1677,k__Bacteria|p__Firmicutes|c__Clostridia|o__Clostridiales|f__Clostridiaceae|g__Clostridium|s__Clostridium_sp_AM33_3|t__SGB4711,k__Bacteria|p__Firmicutes|c__Clostridia|o__Clostridiales|f__Oscillospiraceae|g__Dysosmobacter|s__Dysosmobacter_sp_NSJ_60|t__SGB15124,k__Bacteria|p__Firmicutes|c__Clostridia|o__Clostridiales|f__Ruminococcaceae|g__GGB9615|s__GGB9615_SGB15051|t__SGB15051,k__Bacteria|p__Firmicutes|c__Clostridia|o__Clostridia_unclassified|f__Clostridia_unclassified|g__Clostridia_unclassified|s__Clostridia_bacterium|t__SGB15374,k__Bacteria|p__Firmicutes|c__Clostridia|o__Clostridiales|f__Ruminococcaceae|g__GGB9618|s__GGB9618_SGB15065|t__SGB15065,k__Bacteria|p__Firmicutes|c__Clostridia|o__Clostridiales|f__Ruminococcaceae|g__GGB9709|s__GGB9709_SGB15238|t__SGB15238,k__Bacteria|p__Firmicutes|c__Clostridia|o__Clostridiales|f__Lachnospiraceae|g__GGB3570|s__GGB3570_SGB4777|t__SGB4777,k__Bacteria|p__Firmicutes|c__Clostridia|o__Clostridia_unclassified|f__Clostridia_unclassified|g__Clostridia_unclassified|s__Clostridia_bacterium|t__SGB5180,k__Bacteria|p__Firmicutes|c__Clostridia|o__Clostridiales|f__Ruminococcaceae|g__GGB9593|s__GGB9593_SGB15015|t__SGB15015,k__Bacteria|p__Firmicutes|c__CFGB3053|o__OFGB3053|f__FGB3053|g__GGB9581|s__GGB9581_SGB14999|t__SGB14999,k__Bacteria|p__Firmicutes|c__Clostridia|o__Candidatus_Borkfalkiales|f__Candidatus_Borkfalkiaceae|g__Candidatus_Borkfalkia|s__Candidatus_Borkfalkia_ceftriaxoniphila|t__SGB14027,k__Bacteria|p__Firmicutes|c__Clostridia|o__Clostridiales|f__Ruminococcaceae|g__Ruminococcaceae_unclassified|s__Ruminococcaceae_unclassified_SGB15265|t__SGB15265_group,k__Bacteria|p__Firmicutes|c__Bacilli|o__Bacilli_unclassified|f__Bacilli_unclassified|g__Bacilli_unclassified|s__Bacilli_bacterium|t__SGB1001,k__Bacteria|p__Firmicutes|c__Clostridia|o__Clostridiales|f__Ruminococcaceae|g__Candidatus_Cibiobacter|s__Candidatus_Cibiobacter_qucibialis|t__SGB15286,k__Bacteria|p__Firmicutes|c__Erysipelotrichia|o__Erysipelotrichales|f__Erysipelotrichaceae|g__Erysipelotrichaceae_unclassified|s__Erysipelotrichaceae_bacterium|t__SGB6823,k__Bacteria|p__Spirochaetes|c__Spirochaetia|o__Brachyspirales|f__Brachyspiraceae|g__Brachyspira|s__Brachyspira_pilosicoli|t__SGB5969,k__Bacteria|p__Firmicutes|c__Clostridia|o__Clostridiales|f__Ruminococcaceae|g__GGB58485|s__GGB58485_SGB80143|t__SGB80143,k__Bacteria|p__Firmicutes|c__Clostridia|o__Clostridia_unclassified|f__Clostridia_unclassified|g__Clostridia_unclassified|s__Clostridia_bacterium|t__SGB15370,k__Bacteria|p__Firmicutes|c__Clostridia|o__Clostridiales|f__Lachnospiraceae|g__Lachnospiraceae_unclassified|s__Lachnospiraceae_bacterium_WCA3_601_WT_6H|t__SGB4910,k__Bacteria|p__Firmicutes|c__Clostridia|o__Clostridia_unclassified|f__Clostridia_unclassified|g__Clostridia_unclassified|s__Clostridia_bacterium|t__SGB15373,k__Bacteria|p__Firmicutes|c__Clostridia|o__Clostridiales|f__Clostridiaceae|g__Clostridiaceae_unclassified|s__Clostridiaceae_bacterium|t__SGB4770,k__Bacteria|p__Firmicutes|c__Clostridia|o__Clostridiales|f__Lachnospiraceae|g__GGB3571|s__GGB3571_SGB4778|t__SGB4778,k__Bacteria|p__Firmicutes|c__Clostridia|o__Clostridiales|f__Lachnospiraceae|g__GGB3614|s__GGB3614_SGB4886|t__SGB4886,k__Bacteria|p__Firmicutes|c__Firmicutes_unclassified|o__Firmicutes_unclassified|f__Firmicutes_unclassified|g__Firmicutes_unclassified|s__Firmicutes_bacterium_AF16_15|t__SGB4993,k__Bacteria|p__Firmicutes|c__Clostridia|o__Clostridiales|f__Lachnospiraceae|g__Blautia|s__Blautia_sp_MSK_21_1|t__SGB4829,k__Eukaryota|p__Eukaryota_unclassified|c__Eukaryota_unclassified|o__Eukaryota_unclassified|f__Eukaryota_unclassified|g__Blastocystis|s__Blastocystis_sp_subtype_1|t__EUK944036,k__Bacteria|p__Bacteroidetes|c__Bacteroidia|o__Bacteroidales|f__Bacteroidaceae|g__Bacteroides|s__Bacteroides_thetaiotaomicron|t__SGB1861,k__Bacteria|p__Firmicutes|c__Clostridia|o__Clostridiales|f__Lachnospiraceae|g__Anaerostipes|s__Anaerostipes_hadrus|t__SGB4540_group,k__Bacteria|p__Actinobacteria|c__Coriobacteriia|o__Coriobacteriales|f__Atopobiaceae|g__Olsenella|s__Olsenella_sp_GAM18|t__SGB14370_group,k__Bacteria|p__Firmicutes|c__Clostridia|o__Clostridiales|f__Ruminococcaceae|g__Ruminococcaceae_unclassified|s__Ruminococcaceae_bacterium|t__SGB15356,k__Bacteria|p__Firmicutes|c__Clostridia|o__Clostridiales|f__Ruminococcaceae|g__Ruminococcaceae_unclassified|s__Ruminococcaceae_bacterium|t__SGB14834,k__Bacteria|p__Firmicutes|c__Clostridia|o__Clostridiales|f__Lachnospiraceae|g__Lachnospiraceae_unclassified|s__Lachnospiraceae_bacterium|t__SGB4781,k__Bacteria|p__Firmicutes|c__CFGB11737|o__OFGB11737|f__FGB11737|g__GGB34228|s__GGB34228_SGB72916|t__SGB72916,k__Bacteria|p__Firmicutes|c__Clostridia|o__Clostridiales|f__Clostridiaceae|g__Massilioclostridium|s__Massilioclostridium_coli|t__SGB29305,k__Bacteria|p__Firmicutes|c__Clostridia|o__Clostridiales|f__Lachnospiraceae|g__Blautia|s__Blautia_massiliensis|t__SGB4826_group,k__Bacteria|p__Actinobacteria|c__Coriobacteriia|o__Coriobacteriales|f__Coriobacteriales_unclassified|g__Coriobacteriales_unclassified|s__Coriobacteriales_unclassified_SGB72475|t__SGB72475_group,k__Bacteria|p__Bacteroidetes|c__Bacteroidia|o__Bacteroidales|f__Prevotellaceae|g__Prevotella|s__Prevotella_SGB1653|t__SGB1653,k__Bacteria|p__Firmicutes|c__Clostridia|o__Clostridiales|f__Ruminococcaceae|g__GGB9637|s__GGB9637_SGB15111|t__SGB15111,k__Bacteria|p__Firmicutes|c__Clostridia|o__Clostridiales|f__Lachnospiraceae|g__Blautia|s__Blautia_obeum|t__SGB4811_group,k__Bacteria|p__Actinobacteria|c__Coriobacteriia|o__Coriobacteriales|f__Atopobiaceae|g__Parolsenella|s__Parolsenella_catena|t__SGB14379,k__Bacteria|p__Firmicutes|c__Clostridia|o__Clostridiales|f__Ruminococcaceae|g__Ruminococcaceae_unclassified|s__Ruminococcaceae_unclassified_SGB15233|t__SGB15233,k__Bacteria|p__Actinobacteria|c__Coriobacteriia|o__Coriobacteriales|f__Coriobacteriaceae|g__Collinsella|s__Collinsella_bouchesdurhonensis|t__SGB14397,k__Bacteria|p__Firmicutes|c__Clostridia|o__Clostridiales|f__Ruminococcaceae|g__Ruthenibacterium|s__Ruthenibacterium_lactatiformans|t__SGB15271,k__Bacteria|p__Firmicutes|c__Clostridia|o__Clostridiales|f__Ruminococcaceae|g__GGB9590|s__GGB9590_SGB15012|t__SGB15012,k__Bacteria|p__Actinobacteria|c__Actinobacteria|o__Bifidobacteriales|f__Bifidobacteriaceae|g__Bifidobacterium|s__Bifidobacterium_longum|t__SGB17248,k__Bacteria|p__Firmicutes|c__Clostridia|o__Clostridiales|f__Lachnospiraceae|g__Lachnospiraceae_unclassified|s__Lachnospiraceae_bacterium|t__SGB4780,k__Bacteria|p__Firmicutes|c__Clostridia|o__Clostridiales|f__Eubacteriaceae|g__Eubacterium|s__Eubacterium_sp_AF22_8LB|t__SGB6816,k__Bacteria|p__Firmicutes|c__Clostridia|o__Clostridia_unclassified|f__Clostridia_unclassified|g__Clostridia_unclassified|s__Clostridia_bacterium|t__SGB3574,k__Bacteria|p__Firmicutes|c__Clostridia|o__Clostridiales|f__Lachnospiraceae|g__Lachnospiraceae_unclassified|s__Lachnospiraceae_unclassified_SGB4890|t__SGB4890,k__Bacteria|p__Firmicutes|c__Clostridia|o__Clostridiales|f__Lachnospiraceae|g__Blautia|s__Blautia_faecis|t__SGB4820,k__Bacteria|p__Firmicutes|c__Clostridia|o__Clostridiales|f__Clostridiaceae|g__Clostridiaceae_unclassified|s__Clostridiaceae_bacterium_OM08_6BH|t__SGB4768,k__Bacteria|p__Firmicutes|c__Clostridia|o__Clostridiales|f__Ruminococcaceae|g__Ruminococcaceae_unclassified|s__Ruminococcaceae_unclassified_SGB4191|t__SGB4191,k__Bacteria|p__Firmicutes|c__Clostridia|o__Clostridiales|f__Lachnospiraceae|g__Enterocloster|s__Enterocloster_citroniae|t__SGB4761,k__Bacteria|p__Firmicutes|c__Clostridia|o__Clostridia_unclassified|f__Clostridia_unclassified|g__Clostridia_unclassified|s__Clostridia_bacterium|t__SGB14263,k__Bacteria|p__Firmicutes|c__Clostridia|o__Clostridiales|f__Ruminococcaceae|g__Faecalibacterium|s__Faecalibacterium_SGB15346|t__SGB15346,k__Bacteria|p__Firmicutes|c__Clostridia|o__Clostridiales|f__Lachnospiraceae|g__Dorea|s__Dorea_sp_AF36_15AT|t__SGB4552_group,k__Bacteria|p__Firmicutes|c__Clostridia|o__Clostridiales|f__Lachnospiraceae|g__Enterocloster|s__Enterocloster_bolteae|t__SGB4758_group,k__Bacteria|p__Bacteroidetes|c__Bacteroidia|o__Bacteroidales|f__Bacteroidaceae|g__Bacteroides|s__Bacteroides_ovatus|t__SGB1871,k__Bacteria|p__Firmicutes|c__Clostridia|o__Clostridiales|f__Lachnospiraceae|g__Dorea|s__Dorea_formicigenerans|t__SGB4575,k__Bacteria|p__Firmicutes|c__Clostridia|o__Clostridia_unclassified|f__Clostridia_unclassified|g__Clostridia_unclassified|s__Clostridia_bacterium|t__SGB15413,k__Bacteria|p__Firmicutes|c__Erysipelotrichia|o__Erysipelotrichales|f__Erysipelotrichaceae|g__Faecalibacillus|s__Faecalibacillus_intestinalis|t__SGB6754,k__Bacteria|p__Firmicutes|c__Clostridia|o__Clostridiales|f__Clostridiales_unclassified|g__Clostridiales_unclassified|s__Clostridiales_bacterium_KLE1615|t__SGB5090_group,k__Bacteria|p__Firmicutes|c__Clostridia|o__Clostridiales|f__Lachnospiraceae|g__Blautia|s__Blautia_SGB4815|t__SGB4815_group,k__Bacteria|p__Firmicutes|c__Erysipelotrichia|o__Erysipelotrichales|f__Erysipelotrichaceae|g__GGB4888|s__GGB4888_SGB6837|t__SGB6837,k__Bacteria|p__Firmicutes|c__Clostridia|o__Clostridiales|f__Ruminococcaceae|g__Anaerotruncus|s__Anaerotruncus_rubiinfantis|t__SGB25416,k__Bacteria|p__Firmicutes|c__Clostridia|o__Clostridiales|f__Lachnospiraceae|g__Roseburia|s__Roseburia_intestinalis|t__SGB4951,k__Bacteria|p__Firmicutes|c__Clostridia|o__Clostridiales|f__Lachnospiraceae|g__Fusicatenibacter|s__Fusicatenibacter_saccharivorans|t__SGB4874,k__Bacteria|p__Firmicutes|c__Clostridia|o__Clostridiales|f__Ruminococcaceae|g__GGB9707|s__GGB9707_SGB15229|t__SGB15229,k__Bacteria|p__Actinobacteria|c__Coriobacteriia|o__Eggerthellales|f__Eggerthellaceae|g__Eggerthellaceae_unclassified|s__Eggerthellaceae_bacterium|t__SGB14786,k__Bacteria|p__Firmicutes|c__Clostridia|o__Clostridia_unclassified|f__Clostridia_unclassified|g__Clostridia_unclassified|s__Clostridia_bacterium|t__SGB14110,k__Bacteria|p__Firmicutes|c__Bacilli|o__Bacilli_unclassified|f__Bacilli_unclassified|g__GGB4750|s__GGB4750_SGB6579|t__SGB6579,k__Bacteria|p__Bacteroidetes|c__Bacteroidia|o__Bacteroidales|f__Tannerellaceae|g__GGB1405|s__GGB1405_SGB1928|t__SGB1928,k__Bacteria|p__Firmicutes|c__Clostridia|o__Clostridiales|f__Ruminococcaceae|g__GGB9636|s__GGB9636_SGB15107|t__SGB15107,k__Bacteria|p__Firmicutes|c__Clostridia|o__Clostridia_unclassified|f__Clostridia_unclassified|g__Clostridia_unclassified|s__Clostridia_unclassified_SGB4367|t__SGB4367,k__Bacteria|p__Firmicutes|c__Clostridia|o__Clostridia_unclassified|f__Clostridia_unclassified|g__GGB3293|s__GGB3293_SGB4348|t__SGB4348,k__Bacteria|p__Bacteroidetes|c__Bacteroidia|o__Bacteroidales|f__Rikenellaceae|g__Alistipes|s__Alistipes_shahii|t__SGB2295,k__Archaea|p__Candidatus_Thermoplasmatota|c__Thermoplasmata|o__Methanomassiliicoccales|f__Methanomassiliicoccales_unclassified|g__Methanomassiliicoccales_unclassified|s__Methanomassiliicoccales_archaeon|t__SGB376,k__Bacteria|p__Firmicutes|c__Clostridia|o__Clostridia_unclassified|f__Clostridia_unclassified|g__Clostridia_unclassified|s__Clostridia_bacterium|t__SGB14004,k__Bacteria|p__Firmicutes|c__Clostridia|o__Clostridiales|f__Lachnospiraceae|g__Butyrivibrio|s__Butyrivibrio_crossotus|t__SGB5065,k__Bacteria|p__Firmicutes|c__Bacilli|o__Bacilli_unclassified|f__Bacilli_unclassified|g__GGB4780|s__GGB4780_SGB6615|t__SGB6615,k__Bacteria|p__Firmicutes|c__Clostridia|o__Clostridia_unclassified|f__Clostridia_unclassified|g__Clostridia_unclassified|s__Clostridia_bacterium|t__SGB14199,k__Archaea|p__Euryarchaeota|c__Methanobacteria|o__Methanobacteriales|f__Methanobacteriaceae|g__Methanobrevibacter|s__Methanobrevibacter_smithii|t__SGB714_group,k__Bacteria|p__Bacteroidetes|c__Bacteroidia|o__Bacteroidales|f__Rikenellaceae|g__Alistipes|s__Alistipes_communis|t__SGB2290,k__Bacteria|p__Firmicutes|c__Clostridia|o__Clostridia_unclassified|f__Clostridia_unclassified|g__GGB4569|s__GGB4569_SGB6310|t__SGB6310,k__Archaea|p__Euryarchaeota|c__CFGB343|o__OFGB343|f__FGB343|g__GGB781|s__GGB781_SGB1024|t__SGB1024,k__Bacteria|p__Bacteroidetes|c__Bacteroidia|o__Bacteroidales|f__Bacteroidaceae|g__Bacteroidaceae_unclassified|s__Bacteroidaceae_bacterium|t__SGB1404,k__Bacteria|p__Bacteroidetes|c__Bacteroidia|o__Bacteroidales|f__Bacteroidaceae|g__Bacteroidaceae_unclassified|s__Bacteroidaceae_bacterium|t__SGB1475,k__Bacteria|p__Firmicutes|c__Clostridia|o__Clostridiales|f__Ruminococcaceae|g__Ruminococcaceae_unclassified|s__Ruminococcaceae_unclassified_SGB15236|t__SGB15236,k__Bacteria|p__Firmicutes|c__Negativicutes|o__Veillonellales|f__Veillonellaceae|g__GGB4266|s__GGB4266_SGB5809|t__SGB5809_group,k__Bacteria|p__Bacteroidetes|c__Bacteroidia|o__Bacteroidales|f__Prevotellaceae|g__Prevotella|s__Prevotella_stercorea|t__SGB1679,k__Bacteria|p__Firmicutes|c__Clostridia|o__Clostridia_unclassified|f__Clostridia_unclassified|g__Clostridia_unclassified|s__Clostridia_bacterium|t__SGB13997,k__Bacteria|p__Firmicutes|c__Clostridia|o__Clostridia_unclassified|f__Clostridia_unclassified|g__GGB9774|s__GGB9774_SGB15394|t__SGB15394,k__Bacteria|p__Firmicutes|c__Negativicutes|o__Selenomonadales|f__Selenomonadaceae|g__Mitsuokella|s__Mitsuokella_jalaludinii|t__SGB5904,k__Bacteria|p__Actinobacteria|c__Actinobacteria|o__Bifidobacteriales|f__Bifidobacteriaceae|g__Bifidobacterium|s__Bifidobacterium_catenulatum|t__SGB17241,k__Bacteria|p__Firmicutes|c__Clostridia|o__Clostridia_unclassified|f__Clostridia_unclassified|g__Clostridia_unclassified|s__Clostridia_bacterium|t__SGB14252,k__Bacteria|p__Firmicutes|c__Clostridia|o__Clostridia_unclassified|f__Clostridia_unclassified|g__GGB9787|s__GGB9787_SGB15410|t__SGB15410,k__Bacteria|p__Firmicutes|c__Clostridia|o__Clostridia_unclassified|f__Clostridia_unclassified|g__Clostridia_unclassified|s__Clostridia_bacterium|t__SGB3573,k__Bacteria|p__Firmicutes|c__Clostridia|o__Clostridia_unclassified|f__Clostridia_unclassified|g__Clostridia_unclassified|s__Clostridia_bacterium|t__SGB53517,k__Bacteria|p__Lentisphaerae|c__Lentisphaeria|o__Lentisphaeria_unclassified|f__Lentisphaeria_unclassified|g__Lentisphaeria_unclassified|s__Lentisphaeria_bacterium|t__SGB9203,k__Bacteria|p__Bacteroidetes|c__Bacteroidia|o__Bacteroidales|f__Tannerellaceae|g__GGB1407|s__GGB1407_SGB1931|t__SGB1931,k__Bacteria|p__Firmicutes|c__CFGB3047|o__OFGB3047|f__FGB3047|g__GGB9557|s__GGB9557_SGB14966|t__SGB14966,k__Bacteria|p__Bacteroidetes|c__Bacteroidia|o__Bacteroidales|f__Odoribacteraceae|g__Butyricimonas|s__Butyricimonas_faecihominis|t__SGB1786,k__Bacteria|p__Proteobacteria|c__Betaproteobacteria|o__Burkholderiales|f__Oxalobacteraceae|g__GGB6649|s__GGB6649_SGB9391|t__SGB9391,k__Bacteria|p__Firmicutes|c__Clostridia|o__Clostridiales|f__Clostridiaceae|g__Clostridiaceae_unclassified|s__Clostridiaceae_bacterium|t__SGB4721,k__Bacteria|p__Firmicutes|c__Clostridia|o__Clostridiales|f__Ruminococcaceae|g__GGB9677|s__GGB9677_SGB15180|t__SGB15180,k__Bacteria|p__Bacteroidetes|c__Bacteroidia|o__Bacteroidales|f__Rikenellaceae|g__Alistipes|s__Alistipes_putredinis|t__SGB2318,k__Bacteria|p__Firmicutes|c__Clostridia|o__Clostridiales|f__Clostridiales_unclassified|g__Clostridiales_unclassified|s__Clostridiales_bacterium_NSJ_40|t__SGB72336,k__Bacteria|p__Firmicutes|c__Clostridia|o__Clostridiales|f__Ruminococcaceae|g__GGB9705|s__GGB9705_SGB15224|t__SGB15224,k__Bacteria|p__Firmicutes|c__CFGB1217|o__OFGB1217|f__FGB1217|g__GGB2982|s__GGB2982_SGB3964|t__SGB3964,k__Bacteria|p__Firmicutes|c__Clostridia|o__Clostridia_unclassified|f__Clostridia_unclassified|g__Clostridia_unclassified|s__Clostridia_bacterium|t__SGB13981,k__Bacteria|p__Firmicutes|c__Clostridia|o__Clostridia_unclassified|f__Clostridia_unclassified|g__Clostridia_unclassified|s__Clostridia_bacterium|t__SGB13983,k__Bacteria|p__Proteobacteria|c__Deltaproteobacteria|o__Desulfovibrionales|f__Desulfovibrionaceae|g__GGB9818|s__GGB9818_SGB15459|t__SGB15459,k__Bacteria|p__Firmicutes|c__Firmicutes_unclassified|o__Firmicutes_unclassified|f__Firmicutes_unclassified|g__Firmicutes_unclassified|s__Firmicutes_bacterium_AM41_11|t__SGB6817,k__Bacteria|p__Firmicutes|c__Clostridia|o__Clostridia_unclassified|f__Clostridia_unclassified|g__GGB9522|s__GGB9522_SGB14921|t__SGB14921,k__Bacteria|p__Firmicutes|c__Clostridia|o__Clostridiales|f__Ruminococcaceae|g__Ruminococcaceae_unclassified|s__Ruminococcaceae_bacterium|t__SGB14906,k__Bacteria|p__Firmicutes|c__Clostridia|o__Clostridia_unclassified|f__Clostridia_unclassified|g__Clostridia_unclassified|s__Clostridia_bacterium|t__SGB14250,k__Bacteria|p__Firmicutes|c__Clostridia|o__Clostridiales|f__Oscillospiraceae|g__Oscillospiraceae_unclassified|s__Oscillospiraceae_bacterium_NSJ_64|t__SGB82503,k__Bacteria|p__Firmicutes|c__Clostridia|o__Clostridia_unclassified|f__Clostridia_unclassified|g__Clostridia_unclassified|s__Clostridia_bacterium|t__SGB14937,k__Bacteria|p__Firmicutes|c__Clostridia|o__Clostridiales|f__Lachnospiraceae|g__Coprococcus|s__Coprococcus_catus|t__SGB4670,k__Bacteria|p__Firmicutes|c__Clostridia|o__Clostridiales|f__Ruminococcaceae|g__GGB9667|s__GGB9667_SGB15164|t__SGB15164,k__Bacteria|p__Firmicutes|c__Clostridia|o__Clostridiales|f__Lachnospiraceae|g__Anaerobutyricum|s__Anaerobutyricum_hallii|t__SGB4532,k__Bacteria|p__Bacteroidetes|c__Bacteroidia|o__Bacteroidales|f__Tannerellaceae|g__Parabacteroides|s__Parabacteroides_sp_TM07_1AC|t__SGB1939,k__Bacteria|p__Firmicutes|c__Clostridia|o__Clostridiales|f__Lachnospiraceae|g__Lachnospiraceae_unclassified|s__Lachnospiraceae_bacterium|t__SGB4832,k__Bacteria|p__Firmicutes|c__Clostridia|o__Clostridiales|f__Lachnospiraceae|g__Mediterraneibacter|s__Mediterraneibacter_butyricigenes|t__SGB25493,k__Bacteria|p__Firmicutes|c__Bacilli|o__Lactobacillales|f__Streptococcaceae|g__Streptococcus|s__Streptococcus_thermophilus|t__SGB8002,k__Bacteria|p__Firmicutes|c__Clostridia|o__Clostridiales|f__Clostridiales_unclassified|g__Intestinimonas|s__Intestinimonas_butyriciproducens|t__SGB15126,k__Bacteria|p__Firmicutes|c__Clostridia|o__Clostridiales|f__Lachnospiraceae|g__Lachnospiraceae_unclassified|s__Lachnospiraceae_bacterium|t__SGB4964,k__Bacteria|p__Firmicutes|c__Negativicutes|o__Veillonellales|f__Veillonellaceae|g__Megasphaera|s__Megasphaera_sp_BL7|t__SGB5858,k__Bacteria|p__Bacteroidetes|c__Bacteroidia|o__Bacteroidales|f__Bacteroidaceae|g__Bacteroides|s__Bacteroides_salyersiae|t__SGB1857,k__Bacteria|p__Firmicutes|c__Clostridia|o__Clostridiales|f__Clostridiales_unclassified|g__Evtepia|s__Evtepia_gabavorous|t__SGB15120,k__Bacteria|p__Bacteroidetes|c__Bacteroidia|o__Bacteroidales|f__Prevotellaceae|g__Prevotella|s__Prevotella_pectinovora|t__SGB1662,k__Bacteria|p__Firmicutes|c__Bacilli|o__Lactobacillales|f__Streptococcaceae|g__Streptococcus|s__Streptococcus_salivarius|t__SGB8007_group,k__Bacteria|p__Firmicutes|c__Clostridia|o__Clostridiales|f__Ruminococcaceae|g__Anaeromassilibacillus|s__Anaeromassilibacillus_sp_An250|t__SGB14894,k__Bacteria|p__Firmicutes|c__Clostridia|o__Clostridiales|f__Clostridiaceae|g__Clostridiaceae_unclassified|s__Clostridiaceae_bacterium|t__SGB4269,k__Bacteria|p__Firmicutes|c__Clostridia|o__Clostridiales|f__Lachnospiraceae|g__GGB3733|s__GGB3733_SGB5066|t__SGB5066,k__Bacteria|p__Bacteroidetes|c__Bacteroidia|o__Bacteroidales|f__Bacteroidales_unclassified|g__Phocaeicola|s__Phocaeicola_dorei|t__SGB1815,k__Bacteria|p__Firmicutes|c__Negativicutes|o__Acidaminococcales|f__Acidaminococcaceae|g__Acidaminococcus|s__Acidaminococcus_intestini|t__SGB5736,k__Bacteria|p__Firmicutes|c__Clostridia|o__Clostridiales|f__Ruminococcaceae|g__Ruminococcus|s__Ruminococcus_SGB4421|t__SGB4421,k__Bacteria|p__Firmicutes|c__Clostridia|o__Clostridiales|f__Lachnospiraceae|g__Coprococcus|s__Coprococcus_eutactus|t__SGB5121,k__Bacteria|p__Actinobacteria|c__Coriobacteriia|o__Coriobacteriales|f__Coriobacteriaceae|g__GGB9379|s__GGB9379_SGB14372|t__SGB14372,k__Bacteria|p__Firmicutes|c__Clostridia|o__Clostridiales|f__Clostridiales_unclassified|g__Clostridiales_unclassified|s__Clostridiales_bacterium|t__SGB15158,k__Bacteria|p__Firmicutes|c__Clostridia|o__Clostridiales|f__Ruminococcaceae|g__GGB9619|s__GGB9619_SGB15067|t__SGB15067,k__Bacteria|p__Bacteroidetes|c__Bacteroidia|o__Bacteroidales|f__Bacteroidaceae|g__Bacteroides|s__Bacteroides_stercoris|t__SGB1830_group,k__Bacteria|p__Firmicutes|c__Clostridia|o__Clostridiales|f__Ruminococcaceae|g__Ruminococcaceae_unclassified|s__Ruminococcaceae_bacterium|t__SGB14899,k__Bacteria|p__Firmicutes|c__Clostridia|o__Clostridiales|f__Lachnospiraceae|g__Mediterraneibacter|s__Ruminococcus_gnavus|t__SGB4584,k__Bacteria|p__Firmicutes|c__Clostridia|o__Clostridiales|f__Clostridiaceae|g__Clostridium|s__Clostridium_SGB6179|t__SGB6179,k__Bacteria|p__Bacteroidetes|c__Bacteroidia|o__Bacteroidales|f__Rikenellaceae|g__Alistipes|s__Alistipes_finegoldii|t__SGB2301,k__Bacteria|p__Firmicutes|c__Clostridia|o__Clostridiales|f__Clostridiaceae|g__Clostridium|s__Clostridium_sp_AF27_2AA|t__SGB4712,k__Bacteria|p__Firmicutes|c__Clostridia|o__Clostridiales|f__Ruminococcaceae|g__Gemmiger|s__Gemmiger_SGB15295|t__SGB15295_group,k__Bacteria|p__Firmicutes|c__Clostridia|o__Clostridiales|f__Ruminococcaceae|g__Pseudoflavonifractor|s__Pseudoflavonifractor_capillosus|t__SGB15140,k__Bacteria|p__Firmicutes|c__Clostridia|o__Clostridiales|f__Lachnospiraceae|g__GGB3746|s__GGB3746_SGB5089|t__SGB5089,k__Bacteria|p__Firmicutes|c__Clostridia|o__Clostridiales|f__Clostridiaceae|g__Clostridium|s__Clostridium_sp_AT4|t__SGB4753,k__Bacteria|p__Firmicutes|c__Clostridia|o__Clostridiales|f__Lachnospiraceae|g__Mediterraneibacter|s__Ruminococcus_torques|t__SGB4608,k__Bacteria|p__Firmicutes|c__Clostridia|o__Clostridiales|f__Ruminococcaceae|g__Ruminococcus|s__Ruminococcus_bicirculans|t__SGB4262,k__Bacteria|p__Firmicutes|c__Clostridia|o__Clostridiales|f__Ruminococcaceae|g__GGB9623|s__GGB9623_SGB15076|t__SGB15076,k__Bacteria|p__Firmicutes|c__Clostridia|o__Clostridiales|f__Ruminococcaceae|g__GGB9512|s__GGB9512_SGB14909|t__SGB14909,k__Bacteria|p__Firmicutes|c__Clostridia|o__Clostridiales|f__Ruminococcaceae|g__Ruminococcaceae_unclassified|s__Ruminococcaceae_bacterium|t__SGB14925,k__Bacteria|p__Firmicutes|c__Clostridia|o__Clostridia_unclassified|f__Clostridia_unclassified|g__Clostridia_unclassified|s__Clostridia_bacterium|t__SGB13982,k__Bacteria|p__Firmicutes|c__Clostridia|o__Clostridiales|f__Ruminococcaceae|g__Ruminococcaceae_unclassified|s__Ruminococcaceae_unclassified_SGB4425|t__SGB4425_group,k__Bacteria|p__Firmicutes|c__Clostridia|o__Clostridiales|f__Ruminococcaceae|g__Phocea|s__Phocea_massiliensis|t__SGB14837,k__Bacteria|p__Bacteroidetes|c__Bacteroidia|o__Bacteroidales|f__Rikenellaceae|g__Alistipes|s__Alistipes_onderdonkii|t__SGB2303,k__Bacteria|p__Actinobacteria|c__Actinobacteria|o__Bifidobacteriales|f__Bifidobacteriaceae|g__Bifidobacterium|s__Bifidobacterium_adolescentis|t__SGB17244,k__Bacteria|p__Firmicutes|c__Clostridia|o__Clostridiales|f__Ruminococcaceae|g__Ruminococcaceae_unclassified|s__Ruminococcaceae_bacterium|t__SGB15272,k__Bacteria|p__Firmicutes|c__Clostridia|o__Clostridia_unclassified|f__Clostridia_unclassified|g__Candidatus_Pseudobutyricicoccus|s__Candidatus_Pseudobutyricicoccus_lothianensis|t__SGB14975,k__Bacteria|p__Firmicutes|c__Clostridia|o__Clostridiales|f__Lachnospiraceae|g__Anaerosacchariphilus|s__Anaerosacchariphilus_sp_NSJ_68|t__SGB4772,k__Bacteria|p__Firmicutes|c__Clostridia|o__Clostridiales|f__Clostridiaceae|g__Clostridiaceae_unclassified|s__Clostridiaceae_unclassified_SGB4769|t__SGB4769,k__Bacteria|p__Firmicutes|c__Bacilli|o__Lactobacillales|f__Streptococcaceae|g__Streptococcus|s__Streptococcus_parasanguinis|t__SGB8071,k__Bacteria|p__Firmicutes|c__Clostridia|o__Clostridiales|f__Ruminococcaceae|g__Ruminococcaceae_unclassified|s__Ruminococcaceae_unclassified_SGB15309|t__SGB15309,k__Bacteria|p__Firmicutes|c__Clostridia|o__Clostridiales|f__Peptostreptococcaceae|g__Romboutsia|s__Romboutsia_timonensis|t__SGB6148,k__Bacteria|p__Firmicutes|c__Clostridia|o__Clostridiales|f__Christensenellaceae|g__Christensenellaceae_unclassified|s__Christensenellaceae_bacterium|t__SGB14127,k__Bacteria|p__Firmicutes|c__Negativicutes|o__Acidaminococcales|f__Acidaminococcaceae|g__Phascolarctobacterium|s__Phascolarctobacterium_faecium|t__SGB5792,k__Bacteria|p__Proteobacteria|c__Betaproteobacteria|o__Burkholderiales|f__Sutterellaceae|g__Duodenibacillus|s__Duodenibacillus_massiliensis|t__SGB9273,k__Bacteria|p__Proteobacteria|c__Gammaproteobacteria|o__Pasteurellales|f__Pasteurellaceae|g__Haemophilus|s__Haemophilus_parainfluenzae|t__SGB9712_group,k__Bacteria|p__Bacteroidetes|c__Bacteroidia|o__Bacteroidales|f__Bacteroidaceae|g__Bacteroides|s__Bacteroides_caccae|t__SGB1877,k__Bacteria|p__Bacteroidetes|c__Bacteroidia|o__Bacteroidales|f__Bacteroidaceae|g__Bacteroides|s__Bacteroides_xylanisolvens|t__SGB1867,k__Bacteria|p__Bacteroidetes|c__Bacteroidia|o__Bacteroidales|f__Bacteroidaceae|g__Bacteroides|s__Bacteroides_eggerthii|t__SGB1829,k__Bacteria|p__Firmicutes|c__Clostridia|o__Clostridiales|f__Clostridiaceae|g__Butyricicoccus|s__Butyricicoccus_sp_AM29_23AC|t__SGB14991,k__Bacteria|p__Firmicutes|c__Negativicutes|o__Veillonellales|f__Veillonellaceae|g__Veillonella|s__Veillonella_dispar|t__SGB6952,k__Bacteria|p__Firmicutes|c__Clostridia|o__Clostridiales|f__Lachnospiraceae|g__Lachnospiraceae_unclassified|s__Lachnospiraceae_bacterium|t__SGB4722,k__Bacteria|p__Firmicutes|c__Negativicutes|o__Veillonellales|f__Veillonellaceae|g__Veillonella|s__Veillonella_parvula|t__SGB6939,k__Bacteria|p__Firmicutes|c__Negativicutes|o__Veillonellales|f__Veillonellaceae|g__Veillonella|s__Veillonella_atypica|t__SGB6936,k__Bacteria|p__Bacteroidetes|c__Bacteroidia|o__Bacteroidales|f__Barnesiellaceae|g__Coprobacter|s__Coprobacter_fastidiosus|t__SGB1963,k__Bacteria|p__Firmicutes|c__Clostridia|o__Clostridia_unclassified|f__Clostridia_unclassified|g__Clostridia_unclassified|s__Clostridia_bacterium_UC5_1_1D1|t__SGB14995,k__Bacteria|p__Firmicutes|c__Clostridia|o__Clostridiales|f__Lachnospiraceae|g__Dorea|s__Dorea_longicatena|t__SGB4582_group,k__Bacteria|p__Firmicutes|c__Clostridia|o__Clostridia_unclassified|f__Clostridia_unclassified|g__GGB3277|s__GGB3277_SGB4327|t__SGB4327_group,k__Bacteria|p__Firmicutes|c__Clostridia|o__Clostridiales|f__Lachnospiraceae|g__Mediterraneibacter|s__Mediterraneibacter_sp_gm002|t__SGB4553,k__Bacteria|p__Firmicutes|c__Clostridia|o__Clostridia_unclassified|f__Clostridia_unclassified|g__Clostridia_unclassified|s__Clostridia_unclassified_SGB4121|t__SGB4121,k__Bacteria|p__Firmicutes|c__Clostridia|o__Clostridiales|f__Eubacteriaceae|g__Eubacterium|s__Eubacterium_ramulus|t__SGB4959,k__Bacteria|p__Firmicutes|c__Negativicutes|o__Acidaminococcales|f__Acidaminococcaceae|g__Acidaminococcus|s__Acidaminococcus_fermentans|t__SGB5743,k__Bacteria|p__Bacteroidetes|c__Bacteroidia|o__Bacteroidales|f__Bacteroidaceae|g__Bacteroides|s__Bacteroides_clarus|t__SGB1832,k__Bacteria|p__Firmicutes|c__Clostridia|o__Clostridiales|f__Lachnospiraceae|g__Blautia|s__Blautia_sp_MSK_20_85|t__SGB4828_group,k__Bacteria|p__Firmicutes|c__Clostridia|o__Clostridiales|f__Ruminococcaceae|g__Faecalibacterium|s__Faecalibacterium_prausnitzii|t__SGB15317,k__Bacteria|p__Firmicutes|c__Clostridia|o__Clostridiales|f__Ruminococcaceae|g__GGB9603|s__GGB9603_SGB15035|t__SGB15035,k__Bacteria|p__Firmicutes|c__Negativicutes|o__Veillonellales|f__Veillonellaceae|g__Dialister|s__Dialister_invisus|t__SGB5825_group,k__Bacteria|p__Firmicutes|c__Clostridia|o__Clostridiales|f__Ruminococcaceae|g__GGB9633|s__GGB9633_SGB15091|t__SGB15091,k__Bacteria|p__Firmicutes|c__Clostridia|o__Clostridiales|f__Lachnospiraceae|g__Coprococcus|s__Coprococcus_eutactus|t__SGB5117,k__Bacteria|p__Firmicutes|c__Clostridia|o__Clostridiales|f__Ruminococcaceae|g__Ruminococcaceae_unclassified|s__Ruminococcaceae_unclassified_SGB15234|t__SGB15234,k__Bacteria|p__Firmicutes|c__Clostridia|o__Clostridia_unclassified|f__Clostridia_unclassified|g__Clostridia_unclassified|s__Clostridia_unclassified_SGB6276|t__SGB6276,k__Bacteria|p__Firmicutes|c__Clostridia|o__Clostridiales|f__Clostridiaceae|g__Clostridium|s__Clostridium_sp_OM07_10AC|t__SGB4655,k__Bacteria|p__Firmicutes|c__Clostridia|o__Clostridia_unclassified|f__Clostridia_unclassified|g__GGB9758|s__GGB9758_SGB15368|t__SGB15368,k__Bacteria|p__Bacteroidetes|c__Bacteroidia|o__Bacteroidales|f__Rikenellaceae|g__Alistipes|s__Alistipes_indistinctus|t__SGB2325,k__Bacteria|p__Firmicutes|c__Clostridia|o__Clostridia_unclassified|f__Clostridia_unclassified|g__Clostridia_unclassified|s__Clostridia_bacterium|t__SGB14209,k__Bacteria|p__Proteobacteria|c__Betaproteobacteria|o__Burkholderiales|f__Sutterellaceae|g__Parasutterella|s__Parasutterella_excrementihominis|t__SGB9262,k__Bacteria|p__Firmicutes|c__Clostridia|o__Clostridiales|f__Lachnospiraceae|g__Lachnospira|s__Lachnospira_sp_NSJ_43|t__SGB5087,k__Bacteria|p__Firmicutes|c__Clostridia|o__Clostridiales|f__Lachnospiraceae|g__Lachnospiraceae_unclassified|s__Lachnospiraceae_bacterium|t__SGB4648,k__Bacteria|p__Firmicutes|c__Clostridia|o__Clostridiales|f__Ruminococcaceae|g__GGB9631|s__GGB9631_SGB15087|t__SGB15087,k__Bacteria|p__Lentisphaerae|c__Lentisphaeria|o__Victivallales|f__Victivallaceae|g__Victivallis|s__Victivallis_vadensis|t__SGB9202,k__Bacteria|p__Firmicutes|c__Clostridia|o__Clostridia_unclassified|f__Clostridia_unclassified|g__Clostridia_unclassified|s__Clostridia_unclassified_SGB14844|t__SGB14844,k__Bacteria|p__Firmicutes|c__Clostridia|o__Clostridiales|f__Ruminococcaceae|g__GGB9501|s__GGB9501_SGB14898|t__SGB14898,k__Bacteria|p__Firmicutes|c__Clostridia|o__Clostridia_unclassified|f__Clostridia_unclassified|g__Clostridia_unclassified|s__Clostridia_bacterium|t__SGB15377,k__Bacteria|p__Firmicutes|c__Clostridia|o__Clostridia_unclassified|f__Clostridia_unclassified|g__Clostridia_unclassified|s__Clostridia_bacterium|t__SGB15390,k__Bacteria|p__Firmicutes|c__Clostridia|o__Clostridia_unclassified|f__Clostridia_unclassified|g__Clostridia_unclassified|s__Clostridia_bacterium|t__SGB3952,k__Bacteria|p__Verrucomicrobia|c__Verrucomicrobiae|o__Verrucomicrobiales|f__Akkermansiaceae|g__Akkermansia|s__Akkermansia_muciniphila|t__SGB9226,k__Bacteria|p__Firmicutes|c__CFGB2882|o__OFGB2882|f__FGB2882|g__GGB9186|s__GGB9186_SGB14125|t__SGB14125,k__Bacteria|p__Firmicutes|c__Clostridia|o__Clostridiales|f__Lachnospiraceae|g__Lachnospira|s__Lachnospira_SGB5077|t__SGB5077,k__Bacteria|p__Firmicutes|c__Clostridia|o__Clostridiales|f__Ruminococcaceae|g__Pseudoflavonifractor|s__Pseudoflavonifractor_SGB15156|t__SGB15156_group,k__Bacteria|p__Firmicutes|c__Clostridia|o__Clostridia_unclassified|f__Clostridia_unclassified|g__Clostridia_unclassified|s__Clostridia_bacterium|t__SGB4155,k__Bacteria|p__Firmicutes|c__Clostridia|o__Clostridiales|f__Ruminococcaceae|g__GGB9640|s__GGB9640_SGB15115|t__SGB15115,k__Bacteria|p__Firmicutes|c__Erysipelotrichia|o__Erysipelotrichales|f__Erysipelotrichaceae|g__Holdemania|s__Holdemania_filiformis|t__SGB4046,k__Bacteria|p__Firmicutes|c__Clostridia|o__Clostridia_unclassified|f__Clostridia_unclassified|g__Clostridia_unclassified|s__Clostridia_bacterium|t__SGB4394,k__Bacteria|p__Firmicutes|c__Clostridia|o__Clostridia_unclassified|f__Clostridia_unclassified|g__Clostridia_unclassified|s__Clostridia_bacterium|t__SGB14255,k__Bacteria|p__Firmicutes|c__Clostridia|o__Clostridiales|f__Clostridiaceae|g__Clostridium|s__Clostridium_sp_AM49_4BH|t__SGB4652,k__Bacteria|p__Firmicutes|c__Clostridia|o__Clostridiales|f__Eubacteriaceae|g__Eubacterium|s__Eubacterium_ventriosum|t__SGB5045,k__Bacteria|p__Firmicutes|c__Bacilli|o__Bacilli_unclassified|f__Bacilli_unclassified|g__Bacilli_unclassified|s__Bacilli_bacterium|t__SGB6609,k__Bacteria|p__Firmicutes|c__Negativicutes|o__Acidaminococcales|f__Acidaminococcaceae|g__Acidaminococcus|s__Acidaminococcus_timonensis|t__SGB5741,k__Bacteria|p__Bacteroidetes|c__Bacteroidia|o__Bacteroidales|f__Prevotellaceae|g__GGB1267|s__GGB1267_SGB1701|t__SGB1701,k__Bacteria|p__Firmicutes|c__Negativicutes|o__Veillonellales|f__Veillonellaceae|g__Megasphaera|s__Megasphaera_hexanoica|t__SGB5852,k__Bacteria|p__Bacteroidetes|c__Bacteroidia|o__Bacteroidales|f__Bacteroidaceae|g__Bacteroides|s__Bacteroides_cellulosilyticus|t__SGB1844,k__Bacteria|p__Firmicutes|c__Clostridia|o__Clostridiales|f__Ruminococcaceae|g__GGB9697|s__GGB9697_SGB15213|t__SGB15213,k__Bacteria|p__Lentisphaerae|c__Lentisphaeria|o__Lentisphaeria_unclassified|f__Lentisphaeria_unclassified|g__Lentisphaeria_unclassified|s__Lentisphaeria_bacterium|t__SGB9153,k__Bacteria|p__Firmicutes|c__Clostridia|o__Clostridiales|f__Lachnospiraceae|g__Roseburia|s__Roseburia_SGB4958|t__SGB4958,k__Bacteria|p__Firmicutes|c__Clostridia|o__Clostridia_unclassified|f__Clostridia_unclassified|g__Clostridia_unclassified|s__Clostridia_bacterium|t__SGB4342,k__Bacteria|p__Bacteroidetes|c__Bacteroidia|o__Bacteroidales|f__Rikenellaceae|g__Rikenellaceae_unclassified|s__Rikenellaceae_unclassified_SGB2230|t__SGB2230,k__Bacteria|p__Lentisphaerae|c__Lentisphaeria|o__Lentisphaeria_unclassified|f__Lentisphaeria_unclassified|g__Lentisphaeria_unclassified|s__Lentisphaeria_bacterium|t__SGB9209,k__Bacteria|p__Lentisphaerae|c__Lentisphaeria|o__Victivallales|f__Victivallales_unclassified|g__Victivallales_unclassified|s__Victivallales_bacterium|t__SGB17348,k__Bacteria|p__Firmicutes|c__Clostridia|o__Clostridia_unclassified|f__Clostridia_unclassified|g__GGB4599|s__GGB4599_SGB6362|t__SGB6362,k__Bacteria|p__Firmicutes|c__Clostridia|o__Clostridiales|f__Ruminococcaceae|g__GGB9633|s__GGB9633_SGB15090|t__SGB15090,k__Bacteria|p__Bacteroidetes|c__Bacteroidia|o__Bacteroidales|f__Prevotellaceae|g__GGB1244|s__GGB1244_SGB1664|t__SGB1664,k__Bacteria|p__Lentisphaerae|c__Lentisphaeria|o__Lentisphaeria_unclassified|f__Lentisphaeria_unclassified|g__Lentisphaeria_unclassified|s__Lentisphaeria_bacterium|t__SGB9205,k__Bacteria|p__Firmicutes|c__Clostridia|o__Clostridiales|f__Ruminococcaceae|g__GGB9602|s__GGB9602_SGB15031|t__SGB15031,k__Bacteria|p__Firmicutes|c__Clostridia|o__Clostridia_unclassified|f__Clostridia_unclassified|g__GGB9285|s__GGB9285_SGB14238|t__SGB14238,k__Bacteria|p__Firmicutes|c__Clostridia|o__Clostridia_unclassified|f__Clostridia_unclassified|g__Clostridia_unclassified|s__Clostridia_bacterium|t__SGB13977,k__Bacteria|p__Firmicutes|c__Clostridia|o__Clostridia_unclassified|f__Clostridia_unclassified|g__GGB9342|s__GGB9342_SGB14306|t__SGB14306,k__Bacteria|p__Firmicutes|c__Clostridia|o__Clostridia_unclassified|f__Clostridia_unclassified|g__Clostridia_unclassified|s__Clostridia_unclassified_SGB3983|t__SGB3983,k__Bacteria|p__Firmicutes|c__CFGB16911|o__OFGB16911|f__FGB16911|g__GGB49418|s__GGB49418_SGB69331|t__SGB69331,k__Bacteria|p__Firmicutes|c__Clostridia|o__Clostridia_unclassified|f__Clostridia_unclassified|g__Clostridia_unclassified|s__Clostridia_bacterium|t__SGB14247,k__Bacteria|p__Firmicutes|c__Clostridia|o__Clostridia_unclassified|f__Clostridia_unclassified|g__GGB9059|s__GGB9059_SGB13976|t__SGB13976,k__Bacteria|p__Firmicutes|c__Clostridia|o__Clostridia_unclassified|f__Clostridia_unclassified|g__Clostridia_unclassified|s__Clostridia_bacterium|t__SGB15395,k__Bacteria|p__Firmicutes|c__Clostridia|o__Clostridia_unclassified|f__Clostridia_unclassified|g__Clostridia_unclassified|s__Clostridia_bacterium|t__SGB4395,k__Bacteria|p__Firmicutes|c__Bacilli|o__Lactobacillales|f__Lactobacillaceae|g__Ligilactobacillus|s__Ligilactobacillus_ruminis|t__SGB7061,k__Bacteria|p__Candidatus_Melainabacteria|c__Candidatus_Melainabacteria_unclassified|o__Candidatus_Gastranaerophilales|f__Candidatus_Gastranaerophilales_unclassified|g__GGB6021|s__GGB6021_SGB8655|t__SGB8655,k__Bacteria|p__Firmicutes|c__Clostridia|o__Clostridiales|f__Ruminococcaceae|g__Faecalibacterium|s__Faecalibacterium_prausnitzii|t__SGB15322,k__Bacteria|p__Firmicutes|c__Clostridia|o__Clostridiales|f__Ruminococcaceae|g__GGB9634|s__GGB9634_SGB15095|t__SGB15095_group,k__Bacteria|p__Firmicutes|c__Clostridia|o__Clostridiales|f__Lachnospiraceae|g__Blautia|s__Blautia_SGB4831|t__SGB4831_group,k__Bacteria|p__Firmicutes|c__Clostridia|o__Clostridiales|f__Ruminococcaceae|g__GGB9618|s__GGB9618_SGB15064|t__SGB15064,k__Bacteria|p__Firmicutes|c__Clostridia|o__Clostridia_unclassified|f__Clostridia_unclassified|g__Clostridia_unclassified|s__Clostridia_bacterium|t__SGB15385,k__Bacteria|p__Firmicutes|c__Clostridia|o__Clostridiales|f__Clostridiaceae|g__Butyricicoccus|s__Butyricicoccus_SGB14990|t__SGB14990,k__Bacteria|p__Firmicutes|c__CFGB1298|o__OFGB1298|f__FGB1298|g__GGB3118|s__GGB3118_SGB4130|t__SGB4130,k__Bacteria|p__Firmicutes|c__Clostridia|o__Clostridia_unclassified|f__Clostridia_unclassified|g__Clostridia_unclassified|s__Clostridia_bacterium|t__SGB14205,k__Bacteria|p__Firmicutes|c__Clostridia|o__Clostridia_unclassified|f__Clostridia_unclassified|g__Clostridia_unclassified|s__Clostridia_bacterium|t__SGB4435,k__Bacteria|p__Firmicutes|c__Clostridia|o__Clostridiales|f__Lachnospiraceae|g__Lachnospiraceae_unclassified|s__Lachnospiraceae_bacterium|t__SGB4963,k__Bacteria|p__Firmicutes|c__Clostridia|o__Clostridiales|f__Ruminococcaceae|g__Ruminococcaceae_unclassified|s__Ruminococcaceae_bacterium|t__SGB15196,k__Bacteria|p__Bacteroidetes|c__Bacteroidia|o__Bacteroidales|f__Tannerellaceae|g__Parabacteroides|s__Parabacteroides_massiliensis|t__SGB1945,k__Bacteria|p__Bacteroidetes|c__Bacteroidia|o__Bacteroidales|f__Rikenellaceae|g__Rikenellaceae_unclassified|s__Rikenellaceae_unclassified_SGB2227|t__SGB2227,k__Bacteria|p__Firmicutes|c__Clostridia|o__Clostridia_unclassified|f__Clostridia_unclassified|g__Clostridia_unclassified|s__Clostridia_bacterium|t__SGB13979,k__Bacteria|p__Proteobacteria|c__Deltaproteobacteria|o__Desulfovibrionales|f__Desulfovibrionaceae|g__Desulfovibrionaceae_unclassified|s__Desulfovibrionaceae_bacterium|t__SGB15447,k__Bacteria|p__Firmicutes|c__Clostridia|o__Clostridiales|f__Ruminococcaceae|g__GGB9727|s__GGB9727_SGB15285|t__SGB15285,k__Bacteria|p__Firmicutes|c__Clostridia|o__Clostridia_unclassified|f__Clostridia_unclassified|g__Clostridia_unclassified|s__Clostridia_unclassified_SGB4373|t__SGB4373,k__Bacteria|p__Firmicutes|c__Clostridia|o__Clostridiales|f__Ruminococcaceae|g__GGB9597|s__GGB9597_SGB15022|t__SGB15022,k__Bacteria|p__Firmicutes|c__Clostridia|o__Clostridia_unclassified|f__Clostridia_unclassified|g__Clostridia_unclassified|s__Clostridia_bacterium|t__SGB14005,k__Bacteria|p__Firmicutes|c__Clostridia|o__Clostridia_unclassified|f__Clostridia_unclassified|g__Clostridia_unclassified|s__Clostridia_bacterium|t__SGB15409,k__Bacteria|p__Firmicutes|c__CFGB3048|o__OFGB3048|f__FGB3048|g__GGB9559|s__GGB9559_SGB14969|t__SGB14969,k__Bacteria|p__Firmicutes|c__Clostridia|o__Clostridia_unclassified|f__Clostridia_unclassified|g__GGB9288|s__GGB9288_SGB14243|t__SGB14243,k__Bacteria|p__Firmicutes|c__Clostridia|o__Clostridia_unclassified|f__Clostridia_unclassified|g__Clostridia_unclassified|s__Clostridia_bacterium|t__SGB14311,k__Bacteria|p__Firmicutes|c__Clostridia|o__Clostridia_unclassified|f__Clostridia_unclassified|g__Clostridia_unclassified|s__Clostridia_bacterium|t__SGB14253,k__Bacteria|p__Firmicutes|c__Clostridia|o__Clostridia_unclassified|f__Clostridia_unclassified|g__Clostridia_unclassified|s__Clostridia_bacterium|t__SGB15383,k__Bacteria|p__Firmicutes|c__Clostridia|o__Clostridia_unclassified|f__Clostridia_unclassified|g__Clostridia_unclassified|s__Clostridia_bacterium|t__SGB14185,k__Bacteria|p__Firmicutes|c__Clostridia|o__Clostridiales|f__Clostridiaceae|g__Clostridium|s__Clostridium_sp_AF34_13|t__SGB4659,k__Bacteria|p__Firmicutes|c__Clostridia|o__Clostridia_unclassified|f__Clostridia_unclassified|g__Clostridia_unclassified|s__Clostridia_bacterium|t__SGB15411,k__Bacteria|p__Firmicutes|c__Bacilli|o__Bacilli_unclassified|f__Bacilli_unclassified|g__Bacilli_unclassified|s__Bacilli_unclassified_SGB6478|t__SGB6478,k__Bacteria|p__Bacteroidetes|c__Bacteroidia|o__Bacteroidales|f__Tannerellaceae|g__GGB1407|s__GGB1407_SGB1930|t__SGB1930,k__Bacteria|p__Bacteroidetes|c__Bacteroidia|o__Bacteroidales|f__Bacteroidaceae|g__Bacteroides|s__Bacteroides_fragilis|t__SGB1855_group,k__Bacteria|p__Firmicutes|c__Clostridia|o__Clostridiales|f__Lachnospiraceae|g__Mediterraneibacter|s__Ruminococcus_lactaris|t__SGB4557,k__Bacteria|p__Firmicutes|c__Clostridia|o__Clostridiales|f__Ruminococcaceae|g__GGB9608|s__GGB9608_SGB15041|t__SGB15041,k__Bacteria|p__Candidatus_Melainabacteria|c__Candidatus_Melainabacteria_unclassified|o__Candidatus_Gastranaerophilales|f__Candidatus_Gastranaerophilales_unclassified|g__GGB6012|s__GGB6012_SGB8640|t__SGB8640,k__Bacteria|p__Firmicutes|c__Clostridia|o__Clostridia_unclassified|f__Clostridia_unclassified|g__GGB9347|s__GGB9347_SGB14313|t__SGB14313,k__Bacteria|p__Firmicutes|c__Clostridia|o__Clostridiales|f__Ruminococcaceae|g__GGB9691|s__GGB9691_SGB15198|t__SGB15198,k__Bacteria|p__Firmicutes|c__CFGB2950|o__OFGB2950|f__FGB2950|g__GGB9291|s__GGB9291_SGB14248|t__SGB14248,k__Bacteria|p__Firmicutes|c__Clostridia|o__Clostridia_unclassified|f__Clostridia_unclassified|g__Clostridia_unclassified|s__Clostridia_bacterium|t__SGB3989,k__Bacteria|p__Kiritimatiellaeota|c__Kiritimatiellae|o__Kiritimatiellae_unclassified|f__Kiritimatiellae_unclassified|g__Kiritimatiellae_unclassified|s__Kiritimatiellae_bacterium|t__SGB17364,k__Bacteria|p__Bacteroidetes|c__Bacteroidia|o__Bacteroidales|f__Bacteroidaceae|g__Bacteroidaceae_unclassified|s__Bacteroidaceae_bacterium|t__SGB1415,k__Bacteria|p__Firmicutes|c__Clostridia|o__Clostridiales|f__Ruminococcaceae|g__GGB9644|s__GGB9644_SGB15121|t__SGB15121,k__Bacteria|p__Firmicutes|c__Clostridia|o__Clostridia_unclassified|f__Clostridia_unclassified|g__Clostridia_unclassified|s__Clostridia_unclassified_SGB6293|t__SGB6293,k__Bacteria|p__Firmicutes|c__Clostridia|o__Clostridiales|f__Ruminococcaceae|g__Ruminococcaceae_unclassified|s__Ruminococcaceae_bacterium|t__SGB14905,k__Bacteria|p__Firmicutes|c__Clostridia|o__Clostridiales|f__Eubacteriaceae|g__GGB9778|s__GGB9778_SGB15398|t__SGB15398,k__Bacteria|p__Bacteroidetes|c__Bacteroidia|o__Bacteroidales|f__Bacteroidaceae|g__Bacteroidaceae_unclassified|s__Bacteroidaceae_bacterium|t__SGB1473,k__Bacteria|p__Firmicutes|c__Clostridia|o__Clostridiales|f__Lachnospiraceae|g__Enterocloster|s__Enterocloster_clostridioformis|t__SGB4760,MSM
KHK2,12.5338,0.75273,11.28395,9.75834,0.0,6.27076,0.76816,2.59059,3.983,0.0,0.0,0.0,0.0,0.0,0.0,7.75525,0.5604,0.85798,0.54792,0.66486,1.66294,0.0,0.18296,0.20202,0.0,6.46204,0.08442,0.3497,0.02054,1.42192,0.0,0.0,0.0,0.0,0.0,0.0,0.28415,0.0815,0.0,0.0,0.35931,0.00945,0.0,0.0084,0.0,0.24925,0.0246,0.0,0.0,0.01708,0.05501,0.0,0.36612,0.31562,0.0,0.1437,0.0,0.35246,0.0,0.11267,0.0,0.00308,0.0,0.0,0.15668,0.00402,0.26549,0.0,0.0,0.0,1.42386,0.17903,0.04322,0.0,0.0,0.11129,0.00112,0.0,0.0,0.02549,0.0,0.0,0.0,0.0,0.0,0.0,0.0,0.0,0.00917,0.0,0.0,0.04545,2.46431,0.0,0.0,3.26397,0.00176,0.0,0.09601,0.09184,0.00694,0.11127,0.0,0.0,0.0,0.0,0.0,0.0,0.0,1.00146,0.00731,0.0,0.01799,0.0,0.0856,0.00598,0.00075,0.0,0.04681,0.05035,0.0398,0.49217,0.05878,0.00171,0.0,0.00023,0.0,0.00849,0.02821,0.0,0.0,0.00441,0.03681,0.05327,0.53373,0.0,0.01125,0.0,0.00051,0.02186,0.0,0.0,0.00125,0.0,0.00434,0.0,5.6806,0.08759,0.0055,0.0,0.00145,0.0,0.0,0.0,0.0,0.0,0.00768,0.0,0.0,0.0,0.01372,0.0,0.0,0.0,0.0,0.10297,0.00247,0.00234,0.0045,0.0,0.00135,0.0,0.0,0.00193,0.00241,0.0,0.0,0.0,0.00193,0.0,0.0,0.00157,0.0,0.04956,0.0,0.00059,0.0,0.0,0.0,0.01519,0.0,0.0,0.0,0.00371,0.0,0.0,0.0,0.03709,0.0,0.00263,0.0,0.0,0.0,0.00012,0.01212,0.01099,0.0,0.05867,0.27582,0.0,0.0,0.0,0.0,0.00886,0.0,0.00215,0.0,0.0,0.0,0.0,0.0,0.0,0.25762,0.0,0.0,0.0,0.0,0.0,0.0,0.01654,0.0,0.0,0.02513,7.48358,0.0,0.02865,0.0,0.0,0.0,0.01115,0.0,0.0,0.0,0.0,0.0,0.0,0.0,0.00092,0.0,0.0,0.1246,0.0,0.06718,0.0,0.0,0.0,0.0,0.0,0.0,0.0,0.0,0.0,0.0,0.0,0.0,0.01249,0.0,0.0,0.0,0.00596,0.00191,0.0,0.0,0.0,0.19875,0.00496,0.0,0.26593,0.06664,0.0,0.0,0.0,0.0,0.0,0.0,0.0,0.0,0.0,0.0,0.07808,0.0,0.0,0.0,0.02169,0.0,0.34197,0.0,0.0,0.07706,0.0,0.0,0.0,0.0,0.0,0.0,0.00853,0.0,0.06719,0.0,0.0,0.0,0.0,0.0,0.05865,0.0,0.0,0.0,0.0,0.0,0.02659,0.0,0.01045,0.01332,0.01133,0.014,0.0,0.00469,0.00174,0.0,0.0,0.1719,0.05766,0.03617,0.02271,0.01869,0.00926,0.00831,0.00728,0.00122,0.00058,0.0,0.0,0.0,0.0,0.0,0.0,0.0,0.0,0.0,0.0,0.0,0.0,0.0,0.0,0.0,0.0,0.0,0.0,0.0,0.0,0.0,0.0,0.0,0.0,0.0,0.0,0.0,0.0,0.0,0.0,0.0,0.0,0.0,0.0,0.0,0.0,0.0,0.0,0.0,0.0,0.0,0.0,0.0,0.0,0.0,0.0,0.0,0.0,0.0,0.0,0.0,0.0,0.0,0.0,0.0,0.0,0.0,0.0,0.0,0.0,0.0,0.0,0.0,0.0,0.0,0.0,0.0,0.0,0.0,0.0,0.0,0.0,0.0,0.0,0.0,0.0,0.0,0.0,0.0,0.0,0.0,0.0,0.0,0.0,0.0,0.0,0.0,0.0,0.0,0.0,0.0,0.0,0.0,0.0,0.0,0.0,0.0,0.0,0.0,0.0,0.0,0.0,0.0,0.0,1
MSM_024_MPX039,0.54078,0.44459,3.98989,5.85083,6.15124,19.49049,0.11921,0.63132,0.78766,0.77717,4.21768,0.15918,0.97367,0.68672,0.94775,8.12122,0.36797,0.51822,3.64478,0.08542,0.0,0.52936,0.05619,0.1163,0.00232,0.0,0.01808,0.2399,0.32447,3.3187,2.73782,0.0,0.32999,0.0,0.09105,0.03325,0.05523,0.27533,0.0,0.02614,0.03942,0.026,0.10226,0.24943,0.0,0.02291,0.08458,0.63621,0.08582,0.0722,0.35533,0.0,0.22753,0.25675,0.25088,0.0133,0.0,0.00955,0.10091,0.15549,0.13389,0.06386,0.0,0.12281,0.11839,0.30272,0.16448,0.62539,0.44212,0.27818,0.93353,0.07054,0.04802,0.0389,2.98334,0.10762,0.21718,0.0035,0.0,0.11865,0.03552,0.02581,0.20844,0.10007,0.00155,0.03694,0.0,0.00677,0.00196,0.07649,0.0,0.13438,1.06753,0.00724,0.00552,0.44615,0.04788,0.0,0.03088,0.0,0.01164,0.0,0.09376,0.0,0.04096,0.00674,0.0904,0.0287,0.01562,0.04962,0.01328,0.09864,0.0408,0.29662,0.04086,0.01979,0.00101,0.0,0.00838,0.07138,0.13991,0.14263,0.28504,0.07752,0.25841,0.18828,0.52116,0.01122,0.02727,0.0,0.0,0.00987,0.17126,0.02565,0.13454,0.0,0.01461,0.00158,0.02293,0.06616,0.0,0.02302,0.10581,0.00429,0.03618,0.02189,0.16698,0.03971,0.00513,0.11552,0.06462,0.01198,0.01258,0.01076,0.01054,0.0,0.02111,0.02223,0.16288,0.3431,0.19026,0.00513,0.0,0.0,0.0167,0.01353,0.00395,0.02486,0.02866,0.30569,0.15439,0.00201,0.03558,0.0009,0.00138,0.0565,0.00177,0.0,0.01233,0.01271,0.00169,0.0197,0.00385,2.52338,0.0,0.00172,0.03009,0.03202,0.07545,0.06616,0.02714,0.0,0.0052,0.02308,0.0,0.0,0.0045,0.02503,0.0,0.00049,0.01493,0.06018,0.0027,0.0,0.00494,0.0396,0.00326,0.0,0.21888,0.00154,0.00436,0.00983,0.0584,0.05801,0.15932,0.02115,0.0,0.0,0.0,0.00136,1.22947,0.0,0.01089,0.2349,0.0,0.0,0.0,0.01263,0.0,0.0,0.0,0.4446,0.24221,0.41201,0.24513,1.97348,0.0,0.0,0.02416,0.0,0.0,0.04074,0.00232,0.00436,0.0,0.0165,0.08749,0.05075,0.00447,0.0,0.0,0.0,0.02571,0.00518,0.08984,0.0,0.00027,0.03008,0.0,0.00586,0.01055,0.0,0.0,0.00707,0.00131,0.01209,0.0,0.00081,0.0,0.00155,0.00605,0.00557,0.0,0.0,0.0,0.0,0.0,0.48023,0.02195,0.0,0.0,0.13579,0.00088,0.0,0.16933,0.0,0.09848,0.0,0.0,0.0,0.03471,0.0,0.0,0.0,0.00218,0.18684,0.0,0.0,0.0,0.0,0.0,0.0,0.0,0.0,0.00287,0.01564,0.00564,0.0,0.07262,0.0,0.0,0.0032,0.00269,0.01322,0.0,0.00403,0.00069,0.0,0.0,0.00061,0.0,0.00844,0.01322,0.0,0.00205,0.0,0.0,0.00651,0.0,0.00097,0.0,0.0,0.01125,0.0,0.01809,0.0,0.0,0.001,0.06143,0.0,0.0,0.16612,0.23779,0.03407,0.0,0.0,0.0701,0.0,0.0,0.0,0.0,0.0,0.0,0.0,0.0,0.0,0.0,0.0,0.00282,0.0,0.0,0.0,0.0,0.0,0.02383,0.0,0.0,0.02682,0.00556,0.0,0.0,0.0,0.0,0.0,0.0,0.01108,0.05409,0.02813,0.00239,0.46262,0.02705,0.2411,0.03558,0.0,0.13447,0.0,0.05106,0.0,0.0,0.0,0.00065,0.00252,0.02496,0.0,0.0,0.1076,0.0,0.0,0.34775,0.2544,0.0,0.1103,0.01372,0.2297,0.0,0.0,0.00636,0.00304,0.0,0.0,0.0,0.0,0.0,0.0,0.0,0.0,0.0,0.0,0.00209,0.0,0.0,0.01812,0.00888,0.0,0.0,0.0,0.0,0.0,0.0,0.0,0.0,0.00476,0.0,0.0,0.0,0.00471,1.99588,0.0182,0.0,0.0,0.0,0.0,0.0,0.0,1
MSM_L2_A10,0.06025,0.05642,0.51296,0.59778,0.0775,0.57988,0.0001,0.04891,1.37931,0.24637,0.35929,0.03232,1.49845,0.01972,0.00064,0.01778,0.02332,0.03545,0.02297,0.0,0.0,0.01101,0.0,0.0,0.7642,0.01552,0.00112,0.1853,0.05425,0.1209,1.65216,0.04604,1.93045,0.0,0.00054,0.00879,0.0,0.17611,0.0,0.23467,0.00079,0.02613,0.00193,2.18616,0.0,0.0,0.19993,0.00378,0.66929,0.21996,0.33967,0.0,0.0,0.11823,0.0,0.00996,0.57683,0.0,0.04452,0.00132,0.13181,0.0,0.30145,0.17505,0.0,0.00175,0.00308,0.28701,0.13852,0.22068,0.28702,0.00268,0.0,0.0591,0.06044,0.078,0.00821,0.02836,0.43771,0.0,0.17135,0.1383,0.94505,0.0,0.0,0.01786,0.92984,0.0,0.0,0.05603,0.0,0.0,0.02158,0.00436,0.00925,0.05324,0.05656,0.0,0.0,0.0,0.0,0.0,0.12509,0.0188,0.04415,0.0,1.05863,0.17802,0.00983,0.09052,0.0,0.29068,0.0,1.85645,0.0,0.0,0.0,0.06362,0.0,0.40192,0.07758,0.07516,0.06237,0.07903,0.0,0.01152,0.51599,0.0,0.0,0.0,0.00078,0.04931,0.04051,0.00041,0.18095,0.01186,0.10775,0.00269,0.0085,0.0,0.0,0.0168,1.54596,0.00391,0.03504,0.06679,1.20666,0.0,0.0,0.0494,0.10855,0.20868,1.02694,0.03633,0.00138,0.03754,0.0,0.0,0.0,0.01118,0.62417,0.00035,0.0,0.0,0.05978,0.0,0.04776,0.0,0.05406,0.02713,0.05347,0.01202,0.0,0.0,0.00026,0.16833,0.01446,0.00738,0.01657,0.02385,0.0,0.01075,0.06668,0.16205,0.05166,0.01693,0.12252,0.18051,0.07308,0.00219,0.03898,0.0,0.00043,0.03429,0.0,0.0,0.01041,0.00014,0.0,0.0,0.06674,0.24235,0.0,0.0,0.0,0.02677,0.03633,0.0,0.12415,0.00058,0.00254,0.0,0.00605,0.13426,0.14971,0.10367,0.15039,0.00582,0.35615,0.76375,2.69286,0.0,0.0,0.15963,0.0285,0.0,0.0071,0.00909,0.00397,0.0,0.0,0.05391,0.00233,0.00872,0.92476,0.88849,0.0,0.00246,0.14035,0.0,0.01987,0.11814,0.05849,0.031,0.0,0.0,0.0,0.0,0.0,0.0,0.0,0.21804,0.0,0.00596,0.71056,0.0,0.0,0.0,0.0,0.01091,0.15032,0.0,0.07529,0.0,0.0,0.01337,0.0,0.00262,0.0,0.00032,0.00093,0.04068,0.0,0.0,0.0,0.0,0.0,0.17037,0.0018,0.0,0.0,0.0,0.0,0.0,0.0,0.00095,0.0337,0.0,0.0,0.0,0.03378,0.0,0.0,0.0,0.0,0.0468,0.0,0.01588,0.0,0.0,0.00119,0.0,0.0,0.03393,0.0,0.05135,0.0,0.0,0.24364,0.0,0.0,0.0,0.0,0.00578,0.07746,0.0,0.00176,0.0,0.0,0.0,0.0,0.0,0.0,0.0,0.0,0.0,0.0,0.0,0.0,0.0,0.0,0.0081,0.0,0.0,0.0,0.0,0.0,0.03133,0.02862,0.15449,0.0,0.0,0.00541,0.53935,0.0,0.00248,0.18099,0.0,0.22908,0.0,0.0,0.0,0.0356,0.0,0.0,0.0,0.26812,0.0,0.0,0.0,0.0,0.0,0.0,0.0,0.28357,0.0,0.00055,0.0,0.0,0.0,0.0,0.0,0.02132,0.0,0.0,0.03015,0.0,0.00192,0.00832,7.18114,0.04401,0.3202,0.00911,0.59466,0.04645,0.0,0.93593,0.0,0.0,2.09214,0.05563,0.01948,0.21463,11.8936,0.0,0.0,0.0,0.0,0.06947,3.7032,0.0,0.32677,0.04558,0.00362,0.0,0.07303,0.02292,0.0,0.3563,0.0,3.10578,0.00252,0.0,0.0243,0.632,0.11013,0.02887,0.0353,0.13548,0.07495,0.17484,0.10962,0.0242,0.09826,0.0,0.05522,0.07591,0.00137,0.0,0.0,0.01175,0.0,1.2486,0.33827,0.06625,0.19956,2.33715,0.18324,0.0,0.0,0.04984,0.006,0.01063,0.0,1
MSM_027_MPX045,2.30596,0.58718,14.71431,3.25303,0.0,15.31306,0.05029,3.19032,0.06527,0.0746,0.5819,0.0,0.15971,0.20298,0.19154,5.02968,0.16223,0.06432,0.30905,0.00377,0.59893,0.14826,0.0,0.0,0.00327,0.06633,0.0,0.14938,0.03038,1.09882,0.01934,0.0,0.04979,0.0,0.61827,0.0005,0.00842,0.01842,0.0,0.0,0.03125,0.00774,0.0,0.00309,0.0,0.0,0.08949,0.0,0.0,0.06815,0.0119,0.0,0.13878,0.34436,0.00359,0.01255,8e-05,0.0,0.0,0.22297,0.04769,0.00356,0.0,0.02347,0.00714,0.01519,1.46458,0.07349,0.85961,0.0,0.84412,0.02624,0.0,0.02498,0.0,0.03417,1.18706,0.0,0.24139,0.00465,0.04822,0.00553,0.0,0.0,0.0,0.01726,0.0,0.04698,0.0,0.01833,0.0,0.0503,4.37299,0.00357,0.06873,0.35758,0.03018,0.0,0.04488,0.28248,0.0,0.00397,0.0,1.94068,0.01244,0.00336,0.00532,0.0,0.02138,0.04475,0.0115,0.00767,0.02915,0.04835,0.22733,0.01481,0.03823,0.0,0.0,0.00988,0.02837,0.14886,0.03889,0.00417,0.0,0.45,0.16608,0.0,0.00626,0.0,0.0079,0.15549,0.01602,0.06749,0.98483,0.11814,0.00994,0.00157,0.01686,0.01875,0.0,0.00814,0.01237,0.0,0.00748,0.0,0.36562,0.07527,0.0,0.0947,0.00517,0.0,0.0,0.03526,0.0,0.0,0.0,0.0,0.06046,0.0,0.02987,0.00185,0.0,2e-05,0.01137,0.38849,0.0,0.00584,0.01488,0.02368,0.0006,0.0,0.0,0.0059,0.0,0.03066,0.0,0.00176,0.00259,0.0,0.00177,0.02362,0.00426,10.63373,0.0,0.00803,0.03663,0.01667,0.02826,0.01094,0.0,0.00619,0.0021,0.01121,0.0,0.0,0.00887,0.01916,0.0,0.0,0.0,0.21017,0.01365,0.0,0.0,0.16312,0.0,0.0,0.04195,0.0,0.00171,0.0,0.55454,0.02786,0.0075,0.03278,0.0,0.0,0.00521,0.0,0.09457,0.19655,0.0,0.0,0.0,0.0,0.0,0.0,0.0,0.0,0.0,0.22496,0.14663,0.0,0.02349,2.52261,0.0,0.00357,0.01591,1.22645,0.0,0.0,0.0,0.0,0.0,0.0,0.01022,0.00163,0.0,0.0,0.0,0.0,0.0,0.0,0.00137,0.0,0.0,0.0,0.0,0.01415,0.00634,0.0,0.0,0.0,0.0,0.00428,0.0,0.0,0.0,0.0015,0.00573,0.41235,0.0,0.0,0.27703,0.0,0.0,0.16908,0.33853,0.0,0.0,0.0,0.00931,0.0057,0.0,0.61337,0.00592,0.0,0.0,0.0,0.0,0.0,0.0523,0.0,0.0,0.06065,0.0,0.16011,0.0,0.0,0.02406,0.0,0.0,0.0,0.0,0.01239,0.0,0.0,0.13518,0.0,0.0,0.00066,0.00915,0.04632,0.0,0.02724,0.0,0.0,0.04671,0.18103,0.00238,0.0,0.0,0.0,0.24147,0.0,0.02273,0.3035,0.0,0.0,0.0,0.31451,0.00846,0.0,0.00174,0.0,0.0,0.0,0.28647,0.0,0.0,0.0,0.0,0.03848,0.0,0.00055,0.0,0.0,0.0,0.0,0.0,0.0,0.0,0.0,0.0,0.0,0.0,0.0,0.0,0.0,0.0,0.0,0.0,0.0,0.01423,0.0,0.00693,0.0,0.00501,0.0,0.01403,0.44772,1.80386,0.04937,0.0,0.0,0.0,0.00736,0.00224,0.00349,0.0028,0.0,0.0,0.04903,0.09793,0.0,0.00035,0.0,0.00239,0.00507,0.0,0.0,0.0,0.0,0.0,0.0,0.00823,0.0,0.0,0.0,0.0,0.0,0.0,0.0998,0.0,0.0,0.0,0.01611,0.0,0.0,0.0,0.0,0.0,0.0,0.0,0.0,0.0,0.0,0.0,0.0,0.0,0.0,0.00152,0.0,0.14792,0.0,0.0,0.0,0.0,0.0,0.0,0.0,0.0,0.0,0.0,0.0,0.0,0.0031,0.0,0.0,0.0,0.0,0.0,0.0,1
P049,0.08919,2.47901,3.09029,0.0,0.0,7.20521,2.259,0.00601,1.76165,1.076,0.02254,0.07664,0.67544,0.25144,0.6417,2.94273,1.95464,0.22317,0.43717,0.0,0.12928,0.62608,0.03489,0.66328,0.01231,6.01509,0.00258,0.01313,0.30451,0.53894,0.16962,0.0,1.04081,0.50285,0.08379,1.06749,0.04902,0.15686,0.0,0.71796,0.04427,0.05042,0.25352,0.40345,0.0,0.00109,0.09073,0.19631,0.0,0.36119,0.82356,0.73483,0.16756,0.09155,0.0,0.63211,1.23273,0.00539,0.28044,0.12511,0.01212,0.0,0.0,0.05062,0.04448,0.51948,0.04679,1.36343,0.3938,0.30037,0.16043,0.10583,0.00775,0.0,1.02004,0.15127,0.46046,0.00183,0.13674,0.00058,0.00574,0.0,0.36625,0.0,0.06005,0.0,0.0,0.0,0.01079,0.01919,0.0,0.0056,1.77798,0.21419,0.01648,0.11839,0.04231,0.0,0.0525,0.07745,0.01403,0.00336,0.27281,0.06339,0.0,0.11216,1.2412,0.0,0.10625,0.29446,0.04531,0.11448,0.00464,0.35756,0.1432,0.05773,0.05397,0.0,0.00621,0.0,0.35471,0.63398,0.0,0.12081,0.02213,0.09342,0.4819,0.02063,0.0,0.0,0.01352,0.0,0.19069,0.05161,0.25403,0.08139,0.17963,0.11172,0.03078,0.02344,0.0,0.00139,0.14058,0.0,0.00662,0.06535,1.43532,0.02208,0.0,0.00764,0.0,0.04557,0.16291,0.0,0.00169,0.01021,0.0278,0.0,0.87694,2.65509,0.09723,0.31962,0.04984,0.0,0.24273,0.00566,0.01137,0.0072,0.03351,0.01813,0.29785,0.08228,0.0,0.0,0.01005,0.01472,0.55522,0.00103,0.03521,0.05953,0.0,0.00912,0.00269,0.54286,0.00949,0.00409,0.01685,0.04153,0.05117,0.01923,0.02653,0.0,0.01682,0.04942,0.0,0.118,0.15254,0.16427,0.40592,0.00164,0.04249,0.07533,0.00459,0.00945,0.0,0.08044,0.05956,0.0,0.17552,0.09061,0.00587,0.0,0.045,0.08373,0.04598,0.01285,0.68062,0.0,0.99154,0.04892,4.94187,1.0849,0.00919,0.01322,0.0,0.0,0.0,0.0,0.19154,0.0,0.0,0.0,0.30106,0.0,0.07239,0.51751,0.0,0.23336,0.06646,0.58628,0.0,0.0,0.02123,0.0,0.0,0.13945,0.0,0.01251,0.0,0.04296,0.0,0.0,0.03627,0.0,0.06775,0.0,0.0,0.0,0.0,0.02605,0.00501,0.0,0.13086,0.03898,0.0,0.10202,0.0,0.0139,0.0,0.01456,0.00193,0.0,0.00173,0.0,0.13149,0.0,0.0,0.68927,0.05076,0.0,0.0,0.0,0.05548,0.04255,0.0,0.0,0.0,0.0,0.00131,0.0,0.05804,0.0,0.0,0.0,0.00534,0.03405,0.0,0.0,0.0,0.0,0.66089,0.0,0.0,0.0,0.0,0.22679,0.0,0.0,0.0,0.0,0.0,0.00239,0.00888,0.06598,0.0,0.0,0.00132,0.0,0.21804,0.05515,0.0,0.00386,0.0,0.05228,0.05046,0.0,0.02117,0.0557,0.0,0.0,0.0,0.65074,0.02132,0.0,0.04687,0.0,0.0,0.04765,0.08064,0.0,0.0,0.0,1.76239,1.27246,0.0,0.0,0.03143,0.0,0.19791,0.0,0.00733,0.0,0.0,0.0,0.0,0.0,0.0,0.0,0.0,0.0,0.0,0.0,0.0,0.0,0.00686,0.0,0.05563,0.18056,0.0048,0.0,0.31582,0.0,0.04791,0.02703,0.01442,0.01453,0.09131,0.07892,0.04444,1.43941,0.0,0.0,0.0,0.60885,0.03768,0.0,0.03485,0.0,0.0,0.0,0.0,0.01084,0.10013,0.0,0.0,0.0,0.0,0.0,0.06194,1.40236,0.00771,0.0,0.0,0.09839,0.0,0.01078,0.04138,0.02071,0.41323,0.0,0.33209,0.0,0.0,0.0,0.0,0.01787,0.73734,0.07727,0.0,0.0,0.01842,0.0,0.01456,0.0,0.0,0.0,0.0,0.0,0.0,0.0,0.0,0.0,0.0,0.17656,0.0,0.0,2.81831,0.21494,0.0,0.0,0.0,0.0,1.19609,0.0,1
MSM_L2_B12,5.35321,1.1911,11.26819,8.25946,8.17957,3.62828,0.0802,0.05137,3.07523,0.28314,5.62509,0.67217,0.58628,1.04787,0.11154,2.45865,0.28627,1.45591,0.57998,0.09749,0.04477,0.34177,0.00043,0.6576,0.27074,2.5979,0.19303,0.41592,0.67061,0.99661,0.31184,0.0,0.0,0.0,0.03938,0.09586,0.01236,0.29277,0.0,0.04947,0.14086,0.00163,0.37507,0.63115,0.0,0.002,0.01274,0.39236,0.27642,0.03889,0.26577,0.0,0.25814,1.99195,0.6101,0.00368,0.06768,0.0,0.01634,0.22402,0.20136,0.24899,0.0,0.14898,0.0117,0.67346,0.0,0.03181,0.15129,0.63858,0.22618,0.14574,0.00812,0.00511,2.37699,0.15092,0.15831,0.0178,0.05092,0.00647,0.02728,0.02067,0.08906,0.00461,0.07101,0.05581,0.0,0.0,0.00284,0.12878,0.0,0.00913,1.20521,0.01755,0.0002,0.72545,0.00633,0.0,0.06387,0.51582,0.0,0.0,0.063,0.00786,0.02146,0.15296,0.05145,0.39413,0.0,0.01171,0.14594,0.04579,0.01794,0.27423,0.05175,0.04772,0.00117,0.00676,0.00482,0.17922,0.00732,0.13127,0.06254,0.04953,0.00931,0.03893,0.60062,0.00313,0.0174,0.0,0.00224,0.02453,0.00585,0.04425,0.68588,0.46848,0.0829,0.00685,0.00922,0.0,0.0,0.00683,0.21297,0.00467,0.00472,0.02021,1.11697,0.08475,0.0,0.04407,0.05625,0.06067,0.01003,0.04006,0.00818,0.68876,0.0,0.00224,0.00109,0.0,0.14805,0.0,0.0,0.01231,0.32734,0.7691,0.02986,0.03778,0.02328,0.6516,0.14372,0.0,0.0,0.0,0.00161,0.00321,0.02808,0.01,0.00308,0.01536,0.0,0.0,0.00927,8.65371,0.0031,0.0,0.0,0.00065,0.01465,0.0033,0.00568,0.0,0.00109,0.00067,0.0,0.06078,0.01399,0.03792,0.34192,0.0,0.00018,0.08422,0.00065,0.0,0.0,0.00723,0.00441,0.0,0.05755,0.0,0.00054,0.0,0.0,0.01039,0.06539,0.0,0.0,0.0,0.00168,0.0,0.05159,0.0,0.0363,0.0,0.02207,0.03553,0.02376,0.0,0.0,0.0,0.0,0.00345,0.02048,0.0,0.03299,0.18715,0.0,0.19362,0.1153,0.00143,0.00437,0.03213,0.00016,0.00367,0.0,0.01305,0.0,0.0041,0.0,0.0,0.0,0.0,0.02157,0.00074,0.01655,0.0,0.0,0.00286,0.0,0.0,0.00136,0.0,0.0,0.00189,0.0,0.00564,0.0,0.0,0.0,0.0,0.00185,0.0,0.0,0.0,0.0,0.0,0.0,0.72562,0.0,0.0,0.0,0.0,0.00447,0.0,0.0,0.02048,0.0,0.0,0.0,0.0,0.01169,0.0,0.0,0.0,0.05853,0.03977,0.0,0.0,0.0,0.0,0.0,0.0,0.0,0.00939,0.0,0.0,0.00526,0.0,0.0,0.0,0.0,0.01964,0.00899,0.0,0.0744,0.0,0.0,0.0,0.01275,0.0,0.0,0.0,0.0,0.10626,0.0,0.0,0.0,0.0,0.0,0.0,0.0,0.0,0.01548,0.0,0.01443,0.0,0.0,0.0,0.04797,0.09402,0.0,0.0,0.21652,0.05335,0.0356,0.0,0.00567,0.0,0.0,0.0,0.0,0.0,0.00355,0.00692,0.0,0.0,0.0,0.0,0.0,0.0,0.0,0.00544,0.0,0.0,0.09193,0.0,0.00391,0.0,0.0,0.0,0.01087,0.0,0.0,0.0,0.0,0.0,0.00204,0.01739,0.0,0.0,0.0,0.0,0.00076,0.0,0.0,0.0,0.18103,0.0,0.0,0.0,0.0,0.00182,0.0,0.0,0.0,0.0,0.0,0.00123,0.0,0.09292,0.0,0.00823,0.00587,0.02276,0.06263,0.0,0.0,0.00445,0.05318,0.05087,0.0,0.06831,0.0,0.0,0.0,0.04245,0.0,0.0,0.01295,0.0,0.0,0.0,0.00737,0.0,0.0,0.0,0.0,0.05804,0.0,0.0,0.0,0.10342,0.0,0.0,0.0,0.00772,0.01054,0.00062,0.0,0.0,0.0,0.0,0.0,0.0,1
P039,2.19997,0.34612,15.26766,7.67334,0.62985,11.94034,0.42766,0.64359,2.59103,0.1332,1.17275,0.0,0.19458,0.0,0.09231,1.01388,0.60112,1.00039,0.3899,0.03139,2.07253,0.18783,0.00401,0.15896,0.04736,0.0,0.03004,0.70639,0.00556,2.52188,0.08076,0.06386,0.17688,0.58568,0.00045,0.00638,0.04988,0.06607,0.04153,0.54353,0.23398,0.05435,0.03069,0.0,0.0,0.0,1.40352,0.28851,0.0,1.09159,0.15707,0.05204,0.12828,0.37582,0.13893,0.05145,0.17709,0.0,0.0,0.06767,0.39778,0.26969,0.0,0.12602,0.10325,0.13285,0.0,0.82888,0.08628,0.16639,2.42461,0.04847,0.08651,0.0169,1.14964,0.04591,0.07653,0.0,0.05017,0.64269,0.03233,0.08755,0.02444,0.03723,0.0,0.0,0.0,0.0,0.0,0.03383,0.0122,0.01573,11.09635,0.12407,0.11744,0.57531,1.03048,0.0,0.04102,0.01315,0.0,0.02183,0.0207,0.03279,0.0,0.01166,0.00433,0.67231,0.00947,1.79056,0.01495,0.04945,0.03909,0.04814,0.03302,0.01653,0.0,0.0,0.00316,0.11279,0.45839,0.62655,0.34582,0.03718,0.08176,0.09004,0.18195,0.04253,7e-05,0.00074,0.05467,0.30916,0.37447,0.0499,0.3677,0.02687,0.0,0.0,0.01224,0.04921,0.0,0.00697,0.07614,0.00549,0.03295,0.0,3.54212,0.05453,0.01162,0.0,0.04534,0.0,0.01634,0.10838,0.0,0.0,0.03057,0.00568,0.0,0.13051,0.62213,0.00222,0.06436,0.0,0.06182,0.1705,0.00018,0.01246,0.0189,0.00668,0.1154,0.07275,0.0,0.0,0.00242,0.0184,0.0,0.00237,0.00716,0.0,0.00705,0.06862,0.01253,1.26644,0.0,0.02252,0.02851,0.00056,0.05009,0.01424,0.03507,0.00959,0.00288,0.12018,0.0,0.00063,0.00816,0.03077,0.0,0.00117,0.0,0.2325,0.04312,0.0,0.0,0.04388,0.01353,0.0,0.04979,0.0,0.00749,0.0,0.0,0.03323,0.03962,0.02673,0.0,0.0,0.07547,0.0,0.73168,0.0,0.0,0.0,0.0,0.0,0.05432,0.0,0.0,0.0,0.0,0.0,0.01359,0.96339,0.13665,1.3123,0.00038,0.0,0.01923,0.25949,0.01496,0.0,0.0,0.0,0.0,0.0,0.0,0.0,0.0,0.0,0.0,0.0,0.0,0.0,0.00923,0.03809,0.0,0.00257,0.0,0.0,0.04383,0.0,0.0,0.0003,0.0,0.01099,0.00415,0.00073,0.0,0.0,0.00077,0.00778,0.00374,0.0,0.17006,0.0,0.05435,0.3037,0.0,0.0,0.0,0.0,0.0,0.0,0.0,0.02166,0.0,0.0,0.06158,0.0,0.01144,0.0,0.0,0.0,0.02708,0.0,0.0,0.00453,0.0,0.0,0.0,0.0,0.0,0.0,0.01686,0.0,0.0,0.0,0.0,0.0,0.0,0.0,0.00807,0.0,0.09828,0.0,0.00346,0.0,0.50188,0.0,0.0,0.0,0.0,0.0,0.0,0.0,0.0,0.0,0.0,0.00275,0.0,0.0,0.0,0.0,0.22571,0.00265,0.0,0.02629,0.02961,0.0,0.0,0.0,0.0,0.19849,0.0,0.0,0.0,0.0,0.0,0.0,0.0,0.0,0.0,0.0,0.0,0.0,0.0,0.0,0.0,0.0,0.0,0.0,0.0,0.0,0.02556,0.0,0.0,0.0,0.0,0.0,0.00038,0.0,0.0,0.0,0.0,0.0,0.00528,0.0,0.0,0.0,0.0,0.0,0.0,0.40486,0.05746,0.0,0.03975,0.0,0.00162,0.0,0.0,0.01165,0.0,0.0,0.0,0.0,0.0,0.0,0.0,0.0,0.01687,0.07181,0.0,0.0,0.0,0.0,0.0,0.0,0.0,0.0,0.05377,0.00021,0.0,0.0,0.0,0.0,0.0,0.0,0.0,0.0,0.0,0.0,0.00029,0.0,0.0,0.0,0.0,0.0,0.0,0.0,0.0,0.0,0.0,0.0,0.0,0.00062,0.0,0.0,0.0,0.0,0.0,0.0,0.91662,0.0,1
P048,0.98783,0.53243,1.09276,3.58602,0.0,9.87599,0.04913,1.42133,0.44902,0.08476,0.0885,0.37647,0.46407,0.15984,0.05218,2.01774,0.0,0.27077,1.27887,0.01933,0.0,0.40881,0.0,0.0,0.94997,0.03555,0.0,0.06836,0.02314,0.5501,1.02305,0.0827,1.98393,0.0,0.07957,0.04811,0.01058,0.00838,0.0,0.06113,0.03462,0.00957,0.06789,0.0163,0.0,0.0,0.27874,0.13495,0.02626,0.15348,0.27803,0.14256,0.11163,0.22774,0.0,0.02973,0.98434,0.0,0.18243,0.21237,0.00738,0.00436,0.0,0.09067,0.00154,0.00325,0.0,0.3265,0.45281,0.6206,0.28029,0.00204,0.04992,0.10371,0.95462,0.03506,0.07929,0.00595,0.39473,0.01972,0.04136,0.01346,0.4445,0.0,0.01657,0.07372,0.20341,0.0,0.00088,0.03841,0.0,0.00585,1.06587,0.03064,0.00686,0.07485,0.02543,0.0,0.02905,0.08679,0.0014,0.0,0.01144,0.32471,0.0193,0.04204,1.15164,0.08585,0.01749,0.33042,0.01292,0.05808,0.032,0.09232,0.04771,0.01886,0.0,0.0,0.08427,0.37346,0.17193,0.10044,0.04328,0.01578,0.14089,0.05401,0.81398,0.00037,0.0,0.00228,0.01083,0.02549,0.05439,0.02236,0.20482,0.00588,0.07866,0.02241,0.01159,0.01414,0.0,0.00345,0.83825,0.00094,0.04629,0.00812,1.73506,0.00791,0.00177,0.09258,0.15754,0.00435,0.07795,0.05386,0.00059,0.00213,0.0,0.0,1.77831,0.06051,0.25588,0.01485,0.00033,0.01073,0.0459,0.92674,0.01558,0.00946,0.02341,1.3411,0.0216,0.03905,0.0,0.0,0.00877,0.04403,0.04142,0.05762,0.02857,0.11477,0.00276,0.02583,0.01964,2.88928,0.0483,0.00602,0.13984,0.17404,0.01166,0.00319,0.00285,0.04018,0.00311,0.03986,0.0,0.05917,0.02594,0.08276,0.0,0.0,0.02466,0.22529,0.0,0.0,0.0,0.04311,0.03046,0.0,0.08808,0.02536,0.00473,9e-05,0.04382,0.05689,0.09646,0.02296,0.29241,0.0,0.00667,0.18444,1.38281,4.05787,0.0,0.36406,0.48195,0.13079,0.0,0.0,0.05329,0.0,0.0,3.88059,0.22973,3.32725,0.46245,3.07999,0.11749,0.00124,0.12078,0.53854,0.0,0.02117,0.02531,0.01471,0.0,0.00039,0.01537,0.00425,0.0,0.02812,0.0,0.08056,0.0,0.00564,0.09615,0.0,0.00367,0.0,0.0,0.0039,0.03742,0.0,0.14999,0.0,0.0,0.01299,0.0,0.00147,0.0,0.00892,0.00606,0.00065,0.0,0.02644,0.1521,0.0,0.0,1.07826,0.0,0.0,0.0,0.0,0.0,0.00064,0.0,4e-05,0.0,0.0,0.0,0.0,0.02645,0.00105,0.04501,0.0,0.00219,0.04218,0.0,0.01188,0.0,0.0,0.00817,0.0,0.0,0.05679,0.00466,0.05845,0.0,0.0,0.09462,0.0,0.0,0.00045,0.00952,0.00587,0.01856,0.00799,0.00049,0.0,0.0,0.07418,0.0,0.06196,0.0,0.0,0.03639,0.0,0.01521,0.00383,0.0,0.0,0.00488,0.0,0.00714,0.0,0.00772,0.05106,0.0,0.08249,0.01807,0.02135,0.0,0.0,0.0,0.03126,0.0,0.09737,0.11665,0.0,0.2751,0.0,0.0,0.0,0.02965,0.02419,0.0,0.0,0.0512,0.0,0.03159,0.0,0.0,0.0,0.0,0.20049,0.0234,0.0,0.21747,0.11932,0.00513,0.01026,0.04291,0.0,1.05632,0.05398,0.0,0.01386,0.00151,0.00329,0.01195,5.59413,0.20128,0.0,0.0,0.14507,0.01068,0.08485,0.25151,1.12364,0.00041,0.36737,0.08589,0.01534,0.03737,0.0,0.0,0.0,0.00061,0.3575,0.0,0.0,0.00206,0.00897,0.04718,0.05353,0.0,0.0,0.01123,0.02027,0.20394,0.00045,0.0,0.06255,0.21284,0.0,1.88678,0.03329,0.0876,0.02778,0.01184,0.01621,0.07349,0.03667,0.02711,0.09202,0.01845,0.0547,0.02394,0.0,0.0,0.0,0.01585,0.0,0.0,0.12268,0.0,0.03922,0.0,0.17677,0.0,0.62828,0.0,0.02625,0.15115,0.0,1
MSM_025_MPX040,13.19948,0.0,0.0,0.0,0.0,44.25159,0.0,0.0,0.0,0.0,0.0,0.0,0.0,0.0,0.0,0.21595,0.0,0.0,0.0,0.0,0.0,0.0,0.0,0.0,0.0,0.0,0.1727,0.0,0.01437,0.0,0.0,0.0,0.0,0.0,0.0,0.0,2.61934,0.0,0.00814,0.0,0.0,0.0,0.0,0.0,0.0,1.67556,0.00344,0.0,0.0,0.0,0.0,0.0,0.06052,0.0,0.0,0.0,0.0,0.01427,0.0,0.76941,0.0,0.05678,0.0,0.0,0.67764,0.0,0.38394,0.98134,0.0,0.0,0.57706,0.40999,0.66129,0.0,0.0,0.0,0.22138,0.0,0.0,0.0,0.0,0.0,0.0,0.0,0.0,0.0,0.0,0.0,0.0,0.0,0.00246,0.0,0.0,0.0,0.00123,0.0,0.0,0.0,0.0,0.0,0.0,0.13896,0.0,0.0,0.0,0.0,0.0,0.0,0.0,0.02105,0.0,0.0,0.0,0.0,0.34643,0.0,0.00924,0.0,0.0,0.0,0.09897,0.0,0.02747,0.0,0.0,0.13332,0.0,0.0,1.90771,0.0,0.0,0.0,0.06879,0.05868,0.0,0.0,0.0,0.0,0.0,0.05792,0.02602,0.04174,0.0,0.0,0.00087,0.0,0.0,0.0,0.0,0.0,0.0,0.0,0.0,0.0,0.0,0.0,0.0,0.0,0.0,0.0,0.0,0.0,0.0,0.0,0.0,0.04008,0.0,0.0,0.0,0.0,0.0,0.00526,0.0,0.0,0.00823,0.00235,0.0,0.0,0.01212,0.0,0.0,0.02938,0.0,0.0,0.0,0.00182,0.0038,0.0,0.0543,0.00537,0.0,0.02444,0.0,0.0,0.0,0.0,0.00045,0.0,0.0,0.0,0.0,0.15876,0.0,0.01183,0.0,0.0328,0.0,0.03806,0.03697,0.0,0.0,0.0,0.0,0.0,0.0,0.0,0.0,0.0,0.0,0.0,0.0,0.0,0.0,0.0,0.0,0.0,0.0,0.0,0.0,0.0,0.0,0.0,0.0,0.0,0.0,3.40693,0.0,0.0,0.0,0.0,0.0,0.0,0.0,0.0,0.0,0.0,0.0,0.0,0.0,0.0,0.0,0.0,0.05289,0.0,0.0,0.0,0.0,0.0,0.0,0.0,0.0,0.0,0.0,0.0,0.0,0.0,0.0,0.00163,0.0,0.0,0.0,0.00194,0.0,0.0,0.0,0.0,0.0,0.0,0.0054,0.0,0.0072,0.0,0.00596,3.76563,0.0,0.0,0.01147,0.09345,0.09998,0.4856,0.0,0.0661,0.00233,0.00405,0.0,0.0,0.0,0.0,0.07086,0.15309,0.0,0.0,0.0,0.0,0.0,0.0,0.0,0.0,0.14198,0.0,0.0,0.0,0.0,0.02557,0.0,0.0158,0.0,0.0,0.0,0.1127,0.0,0.02671,0.0,0.0,0.03711,0.0,0.01564,0.06329,0.20715,0.0,0.0,0.0,0.0,0.06218,0.02711,0.0,0.0,0.0,0.0,0.0,0.0,0.0,0.0,0.0,0.0,0.0,0.0,0.0,0.0,0.02356,0.0,0.0,0.0,0.0,0.0,0.0,0.0,0.0,0.0,0.0,0.0,0.0,0.0,0.0,0.0,0.02455,0.0,0.0,0.0,0.0,0.0,0.0,0.0,0.0,0.0,0.0,0.0,0.0,0.0,0.0,0.0,0.0,0.0,0.0,0.0,0.0,0.0,0.0,0.0,0.0,0.0,0.0,0.0,0.0,0.0,0.0,0.02194,0.0,0.0,0.0,0.0,0.0,0.0,0.0,0.0,0.0,0.0,0.0,0.0,0.0,0.0,0.0,0.0,0.0,0.0,0.0,0.0,0.0,0.0,0.0,0.0,0.0,0.0,0.0,0.0,0.0,0.0,0.0,0.10635,0.70684,0.0,0.0,0.0,0.0,0.0,0.0,0.0,0.0,0.0,0.0,0.0,0.0,0.0,0.0,1
MSM_001_MPX002,0.83969,0.59103,1.43341,2.59835,0.0,6.92564,0.06341,0.87566,0.88487,1.60356,1.38196,0.69124,2.85085,0.22333,0.31572,0.73785,0.58193,0.55419,0.33661,0.0,0.0,0.21752,0.0,0.27513,0.13953,1.33037,0.00783,0.15572,0.06994,0.06194,0.2339,0.03425,0.03848,1.06753,0.75248,0.08634,0.0,0.39219,0.0,0.00127,0.01545,0.09713,0.0736,0.87126,0.32834,0.0,0.22033,0.01729,0.21507,0.05583,0.43501,0.00307,0.00793,0.55366,0.03522,0.05035,0.35217,0.00569,0.0,0.31993,0.04526,0.10138,0.56311,0.00724,0.0,0.09931,0.0,0.45044,0.70251,0.16809,0.07639,0.02232,0.0004,0.09174,0.57806,0.05079,0.1855,0.34782,0.18359,0.0,0.01879,0.41351,0.23156,0.0,0.0029,0.07148,0.07064,0.15733,0.0,0.37448,0.0,0.01343,1.1324,0.00608,0.00727,0.07805,0.02438,0.0,0.02278,0.13591,0.0,0.0,0.22601,0.78201,0.01895,0.08272,0.35399,0.00984,0.03257,0.13178,0.11523,0.06455,0.05693,0.27354,0.06558,0.03291,0.00126,0.06998,0.0,0.05206,0.12476,0.0348,0.0196,0.31243,0.06232,0.08933,1.51745,0.0,0.0,9e-05,0.0,0.01435,0.019,0.03716,0.46607,0.21303,0.03419,0.00166,0.04022,0.0,0.0,0.00231,0.36701,0.0,0.01752,0.00464,0.59867,0.03558,0.00045,0.19923,0.13936,0.06532,0.03922,0.00279,0.0186,0.02024,0.0,0.0,0.74074,0.20903,0.4301,0.04157,0.0,0.02013,0.0795,0.97778,0.07724,0.02036,0.01913,0.01484,0.09567,0.00106,0.06157,0.0,0.01636,0.03064,0.58519,0.03268,0.00343,0.02618,0.0,0.00614,0.02891,2.01052,0.13041,0.00557,0.01668,0.43331,0.00245,0.0,0.27689,0.0,0.00117,0.02123,0.0,0.01429,0.00246,0.02826,0.01268,0.0,0.05954,0.06632,0.0,0.0,0.0,0.02063,0.0573,0.0,0.07435,8e-05,0.00151,0.0,0.2279,0.02276,0.06911,0.02249,0.0,0.0,0.39966,0.01218,2.99378,0.01303,0.0,0.36876,0.0,1.79555,0.07592,0.00142,0.00644,0.0,0.48345,0.2384,0.02511,0.40123,0.0422,4.11134,0.07071,0.02423,0.11802,0.29087,0.01872,0.1037,0.02163,0.002,0.0,0.04177,0.0,0.0076,0.0,0.0,0.0,0.05672,0.0,0.00057,0.00591,0.0,0.0,0.0,0.0,0.0,0.0098,0.0,0.0,0.0,0.0,0.02934,0.0,0.00811,0.0,0.00067,0.0,0.19214,0.01444,0.00223,0.00028,0.0,0.0,0.14101,0.00337,0.0,0.0,1.76901,0.0,0.0,0.0,0.31316,0.19362,0.0,0.0,0.0,0.00404,0.0,0.0,0.0,0.0088,0.15682,0.0,0.17701,0.0,0.0,0.01334,0.0,0.0,0.0,0.0,0.0,0.0,0.0,0.06979,0.0,0.0,0.00266,0.00581,0.00025,0.03032,0.0,0.0,0.0,0.0128,0.0,0.0,0.0,0.0,0.00735,0.0,0.0,0.0,0.0,0.0,0.0,0.0,0.08469,0.0,0.0,0.00832,0.0,0.0,0.00817,0.1896,0.24458,0.0,0.00296,0.06544,0.02738,0.00303,0.77691,0.0027,0.0,0.05835,0.0,0.0,0.05611,0.135,0.01395,0.0,0.0,0.01426,0.0,0.0,0.0,0.0,0.11613,0.0,0.0,0.09888,0.0,0.03142,0.07326,0.0,0.0,0.0,0.0,0.06131,0.01259,0.0,0.04279,0.03396,0.0,0.01574,2.0035,1.32519,0.0,0.09276,0.15745,0.08411,0.03926,0.19621,0.0,0.0,0.12881,0.05242,0.00639,0.0,0.12557,0.0,0.0,0.01559,0.0,0.0,0.0,0.0,0.34465,0.01094,0.0,0.04633,0.0,0.00456,0.01835,0.00396,0.00017,0.25161,0.0,0.0,0.40358,0.42467,0.14154,0.0,0.04754,0.02989,0.0,0.1491,0.04758,0.0342,0.03481,0.04066,0.00696,0.0,0.01475,0.04035,0.0,0.0,0.0,0.26039,0.05915,0.0,0.14365,0.0,0.25376,0.0,0.0,0.0,0.0,0.11683,0.0,1
MSM_014_MPX023,0.12823,0.53208,4.60368,1.49736,0.71789,2.33131,0.53265,0.40176,0.4807,0.0,7.02943,0.03567,0.46051,0.2602,0.0094,0.66388,0.0392,0.68435,0.44321,0.00162,0.0,0.0,0.24926,0.00796,0.09285,0.59922,0.00176,0.6778,0.14198,0.25885,1.06649,0.0,0.0,0.0,0.02899,0.02687,0.19601,0.15812,0.0,0.07548,0.18093,0.02356,0.0,0.08244,0.0,0.01453,0.01999,0.0,0.11889,0.25069,0.15481,0.0,0.0,0.34,0.00903,0.40325,0.07231,0.0,0.21744,0.00423,0.20603,0.0,0.00931,0.14062,0.03443,1.8406,0.0,0.66953,0.0,0.84472,0.05565,0.00426,0.08323,0.05771,0.0,0.0172,0.0023,0.00539,0.11107,0.11433,0.07599,0.02259,0.48041,0.0,0.04766,0.06262,1.03799,0.0,0.00655,0.00089,0.00833,0.07867,0.29698,0.00187,0.00149,0.19078,0.01666,0.0,0.0,0.0,0.00681,0.00026,0.11221,0.00079,0.0,0.0,0.90214,0.51869,0.00439,0.26685,0.01599,0.02027,0.00238,0.0,0.03044,0.00694,0.0,0.17852,0.06713,0.0073,0.35389,0.22004,0.11101,0.02897,0.0,0.06577,4.32524,0.00454,0.0,0.0171,0.16849,0.02307,0.05057,0.02017,0.27835,0.0,0.00835,0.00278,0.02349,0.0,0.0,0.0,1.02488,0.00113,0.03261,0.00585,0.752,0.01969,0.00874,0.08123,0.20284,0.13757,0.11297,0.05043,0.00663,0.0,0.0,0.0,0.0,0.02747,0.84463,0.01598,0.0,0.0,0.02358,0.02457,0.00462,0.00377,0.02521,0.03532,0.0,0.25482,0.03839,0.0,0.0182,0.0043,0.55519,0.01444,0.01472,0.04615,0.01376,0.00769,0.01325,0.22494,0.0034,0.06091,0.04619,0.01444,0.00138,0.02222,0.01297,0.0,0.00561,0.09046,0.0,0.06666,0.00369,0.0557,0.0688,0.0,0.08429,0.15081,0.00231,0.0,0.0,0.00537,0.01968,0.0,0.35887,0.0,0.0,0.00653,0.0,0.01418,0.05253,0.00194,0.17806,0.32182,0.0,0.00385,0.98797,0.0,0.0,0.27424,0.69977,1.21875,0.0,0.03614,0.6128,0.0,0.48197,0.14353,0.01909,0.0,0.46895,1.3624,0.13112,0.0,0.14853,0.0,0.04542,0.07291,0.0326,0.0,0.0,6e-05,0.0,0.00903,0.00071,0.01909,0.0,0.10333,0.00259,0.00327,0.18699,0.0,0.0241,0.0,0.0,0.0,0.0781,0.0,0.26031,0.00314,0.00496,0.00317,0.00063,0.00037,0.03214,0.01594,0.0,0.00073,0.00758,0.00978,0.0,0.00112,0.0,0.91338,0.00113,0.0,0.01067,0.0155,0.01923,0.0,0.00021,0.01308,0.0,0.0,0.00439,0.0,0.06867,0.00028,0.05419,0.0,0.0,0.0,0.0,0.01078,0.0,0.0,0.02998,0.0,0.0,0.10718,0.0,0.00065,0.00245,0.0,0.01023,0.0,0.0,0.00174,0.03024,0.00818,0.27571,0.00059,0.00305,0.0,0.01554,0.0,0.0,0.01599,0.0,0.0,0.0,0.0,0.0,6e-05,0.0,0.0,0.00847,0.03184,0.0,0.0,0.01984,0.0,0.0,0.0,0.39317,0.0,0.0,0.09494,0.0,0.29273,0.08206,0.00695,1.90814,0.0,0.844,0.0,0.0,0.0129,0.02909,0.01499,0.0,0.0,0.19932,0.0,0.0,0.0,0.00298,0.0,0.0,0.05143,0.02964,0.00145,0.00662,0.08921,0.0,0.01573,0.0,0.0,0.0,0.0,0.0,0.0003,0.0,0.02183,0.0029,3.46774,0.0,0.14761,0.0,0.20355,0.0,0.34187,0.36565,2.5108,0.0,0.2153,0.02319,0.00073,0.00813,2.28464,3e-05,0.0,0.0,0.0,0.0,0.0,0.0,0.0,0.02467,0.0,0.09461,0.11796,0.03071,0.01139,0.00793,0.0,0.0,0.02216,0.0,0.0,0.08963,0.0,0.08191,0.01778,0.02223,0.12293,0.26781,0.00085,0.02466,0.0,0.00336,0.04417,0.2848,0.40074,0.0,0.0,0.02399,0.0,0.66655,0.29965,0.0394,0.11622,2.2091,0.21786,0.0,0.0,0.0,0.02818,0.0,0.0,1
KHK53,0.98365,0.97629,0.0,0.0,0.0,1.10983,0.37599,1.39167,2.52811,0.0,0.0,6.19934,3.4762,0.03522,0.0,0.2695,0.52145,0.13948,0.19662,0.52659,0.0,0.34265,0.18203,0.06158,5.77267,8.61027,0.09674,0.11049,0.02402,0.05437,0.0,0.0,0.27566,0.0,0.0,0.02909,0.83411,0.21401,0.10105,4.47284,0.03032,0.16638,0.04199,0.0,0.0,0.1215,0.17351,0.0,4.1776,0.18305,0.13642,0.0,0.48112,0.0,0.0,0.06292,0.0,0.34388,0.0,0.96946,0.18985,0.0,0.0,0.05746,0.94332,0.00352,1.58416,0.05081,0.0,0.0,0.29171,2.21096,0.25828,0.12497,0.86899,0.01817,0.44754,0.0,0.0,0.18402,0.18983,0.00644,0.0,0.03955,0.0,0.0,0.0,0.0,0.0827,0.01926,0.0,0.0,3.14329,0.0,0.0072,0.0,0.04243,0.35727,0.0099,0.04219,0.11911,0.17032,0.0,0.0,0.0,0.0,0.0,0.0,0.01193,0.49875,0.01158,0.0,0.00687,0.07683,0.01018,0.03302,0.09818,0.0,0.03375,0.0,0.10859,0.69023,0.13993,1.34644,0.06129,0.00665,0.0,0.06412,0.1705,0.12914,0.00262,0.04274,0.07479,0.05009,0.1206,0.0,0.10746,0.0,0.03379,0.09282,0.00233,0.03361,0.05179,0.03818,0.01209,0.0,0.11246,0.01664,0.10391,0.0,0.0,0.0,5.93083,0.13073,0.001,0.0,0.0229,0.02149,0.0,0.0,0.03797,0.0,0.0,0.0,0.46858,1.21305,0.0,0.03776,0.03342,1.37043,0.01346,0.0,0.0,0.03535,0.0,0.01189,0.0,0.0,0.00971,0.03246,0.0,0.02897,0.0,0.0,0.03469,0.00262,0.01042,0.0,0.00086,0.0847,0.00132,0.0,0.00703,0.11942,0.10076,0.0,0.07785,0.07224,0.0,0.0121,0.0,0.01527,0.00305,0.02758,0.21805,0.02254,0.04447,0.0,0.01704,0.00097,0.00905,0.01473,0.14019,0.10116,0.03893,0.00024,0.0,0.0,0.0,0.0,0.0,5.68241,0.35886,0.0,0.75976,0.0,0.0,0.0,0.0,0.05868,0.0,0.00477,0.01624,0.34629,3.06386,1.41434,0.0,0.0,0.0,1.26073,0.0,0.0,0.0,0.0,0.0,0.0,0.0,0.02676,0.01324,0.0,0.45707,0.0,0.01421,0.0,0.0,0.0,0.01612,0.0,0.0,0.0,0.02401,0.0,0.0,0.01925,0.02186,0.00304,0.13564,0.00013,0.0,0.00543,0.00164,0.0,0.02659,0.00098,0.01276,0.0,0.0,0.37822,0.02563,0.01088,0.0,0.0,0.0,3.28862,0.04276,0.0,0.07911,0.0,0.00339,0.0,0.10526,0.0,0.0,0.0,0.00184,0.0,0.01789,0.14513,0.0,0.0,0.0,0.0,0.0,0.0,0.0,0.3633,0.02153,0.0,0.0,0.00033,0.0,0.00344,0.01171,0.01584,0.00253,0.0,0.17616,0.0,0.40214,0.0,0.01786,0.00617,2.07275,0.0,0.0,0.0,0.0,0.0,0.0,0.01759,0.0,0.0,0.0,0.0,0.05321,0.0,0.0,0.0,0.0195,0.0,0.0,0.0,0.0,0.0,0.0,0.0,0.18597,0.0,0.0,0.0,0.0,0.0,0.03006,0.00776,0.0,0.0,0.0,0.0,0.00734,0.0,0.0,0.0,0.0,0.0552,0.12282,0.0,0.0,0.05993,0.0,0.0,0.0,1.04133,0.0,0.1759,0.13032,0.0,0.0,0.03276,0.00359,0.0,0.0,0.0,0.0,0.03972,0.0,0.06101,0.09156,0.0,0.0,0.0,0.0,0.0,0.0,0.0,0.0,0.0,0.0,0.0,0.0,0.0,0.04756,0.0,0.10483,0.0,0.0,0.0,0.0686,0.01646,0.0,0.0,0.0,0.0,0.0,0.0,0.0,0.0,0.0,0.0,0.0,0.0,0.0,0.0,0.0,0.0,0.0,0.0125,0.0,0.0,0.0,0.0,0.0,0.0,0.0,0.0,0.0,0.0,0.0,0.0,0.0,0.0,0.0,0.0,0.0,0.0,1
MSM_L2_E12,0.0,0.0,0.0,0.0,0.0,0.0,0.0,0.0,0.0,0.0,0.0,0.0,1.06795,0.0,0.0,0.0,0.0,0.0,0.0,2.35712,0.0,0.0,0.0,0.0,0.02434,0.0,0.0,1.45785,0.0,0.0,0.0,0.0,0.0,0.0,0.28404,0.0,5.30545,0.0,0.0,0.75881,0.0,0.02926,0.0,0.0,0.0,1.47185,0.0,0.0,0.0,0.0,0.28015,0.0,0.18959,1.86997,0.0,0.0,0.0,0.26129,0.0,2.73626,1.50806,0.42151,0.0,0.0,0.22963,0.0,0.0,0.6996,0.0,0.0,0.09134,0.0,10.91514,0.0,0.0,0.0109,0.32677,0.09503,0.0,1.30852,2.5659,0.08342,0.0,0.0,0.0,0.0,0.0,0.0,0.0,0.04385,0.0,0.10514,0.0,0.0,0.0,0.0,0.01373,0.13575,0.0,0.0231,0.47331,0.16694,0.0,2.20231,0.0,0.0,0.0,0.0,0.0,0.02799,0.56031,0.0,0.0,0.0,0.75127,0.08062,0.01552,0.0,0.0,0.40098,0.13817,0.09879,0.00571,0.0,0.0,1.66769,0.0,0.07197,0.0,0.00699,0.0,0.0,0.06239,0.20255,0.0,0.0,0.0,0.55838,0.0,0.16347,0.0,0.0,0.0,0.0,0.04927,0.0,0.0,0.33499,0.03272,0.0,0.0,0.0,0.0,0.03395,0.0,0.0,0.0,0.04673,0.33954,0.0,9.02582,0.0,0.0,0.0,0.0,2.07907,0.0,0.0,0.12191,0.0,2.0103,0.0194,0.0,0.68375,0.06959,0.0,0.0,0.0,0.0,0.0,0.00265,0.00095,0.0,0.0,0.0,0.01154,0.0,0.0,0.10839,0.02521,0.0,0.03914,0.0,0.0,0.02937,0.0,0.16302,0.15147,0.0,0.0,0.0,0.0,0.0,0.00248,0.64213,0.0,0.0,0.04575,0.01869,0.0,0.0,0.00087,0.1211,0.2683,0.0,0.0,0.0,0.0,0.0,0.0,0.0,3.26194,0.60004,0.0,0.0,0.0,0.0,0.0,0.0,0.0,0.0,0.0,0.0,0.0,0.0,0.0,0.0,0.0,0.0,0.0,0.0,0.0,0.0,0.0,0.01131,0.0,0.0,0.03649,0.0,0.0,0.0,0.0,0.0,0.0,0.0,0.0,0.0,0.06345,0.0,0.0,0.12303,0.11466,0.0,0.0,0.00526,0.03883,0.0,0.0,0.0,0.0,0.0,0.0,0.0,0.0,0.0,0.0,0.0,0.0,0.06624,0.07585,0.14546,0.0,0.0,0.0,0.36791,0.0,0.0,0.0,0.16419,0.0,0.0,0.0,0.0,0.0,0.023,0.0,0.03338,0.77463,0.0,0.09731,2.38225,0.24913,0.0,0.0,0.0,0.0,0.0,4.3214,0.0,0.03183,0.04707,0.05099,0.0,0.05168,0.0,0.0,0.0,1.34482,0.0,0.0,1.1608,0.0,0.0,0.0,0.02214,0.05801,0.00531,0.03191,0.41061,0.02569,0.0,0.0,0.0,0.06089,0.0072,0.0,0.0,0.0,0.0,0.0,0.0,0.0,0.0,0.0,0.42309,0.0,0.0,0.0,0.0,0.0,0.0,0.0,0.0,0.0,0.03531,0.09581,0.0,0.02826,0.0809,0.02912,0.00268,0.0,0.29553,0.0,0.03452,0.0071,0.0,0.0,0.01241,0.0,0.0,0.0,0.0,0.0,0.0,0.0,0.0,0.0,0.0,0.0,0.0,0.0,1.48519,0.0,0.0,0.0,0.0,0.0,0.0,0.0,0.0,0.0,0.0,0.0,0.046,0.0,0.0,0.0,0.0,0.0,0.0,0.0,0.0,0.0,0.0,0.0,0.0,0.0,0.0,0.0,0.0,0.0,0.0,0.0,0.0,0.0,0.0,0.0,0.0,0.0,0.0,0.0,0.0,0.0,0.20008,0.0,0.0,0.0,1.34118,0.36717,0.0,0.0,0.0,0.0,0.0,0.0,0.0,0.0,0.12478,0.0,0.0,0.0,0.0,0.0,1
KHK24,12.5338,0.75273,11.28395,9.75834,0.0,6.27076,0.76816,2.59059,3.983,0.0,0.0,0.0,0.0,0.0,0.0,7.75525,0.5604,0.85798,0.54792,0.66486,1.66294,0.0,0.18296,0.20202,0.0,6.46204,0.08442,0.3497,0.02054,1.42192,0.0,0.0,0.0,0.0,0.0,0.0,0.28415,0.0815,0.0,0.0,0.35931,0.00945,0.0,0.0084,0.0,0.24925,0.0246,0.0,0.0,0.01708,0.05501,0.0,0.36612,0.31562,0.0,0.1437,0.0,0.35246,0.0,0.11267,0.0,0.00308,0.0,0.0,0.15668,0.00402,0.26549,0.0,0.0,0.0,1.42386,0.17903,0.04322,0.0,0.0,0.11129,0.00112,0.0,0.0,0.02549,0.0,0.0,0.0,0.0,0.0,0.0,0.0,0.0,0.00917,0.0,0.0,0.04545,2.46431,0.0,0.0,3.26397,0.00176,0.0,0.09601,0.09184,0.00694,0.11127,0.0,0.0,0.0,0.0,0.0,0.0,0.0,1.00146,0.00731,0.0,0.01799,0.0,0.0856,0.00598,0.00075,0.0,0.04681,0.05035,0.0398,0.49217,0.05878,0.00171,0.0,0.00023,0.0,0.00849,0.02821,0.0,0.0,0.00441,0.03681,0.05327,0.53373,0.0,0.01125,0.0,0.00051,0.02186,0.0,0.0,0.00125,0.0,0.00434,0.0,5.6806,0.08759,0.0055,0.0,0.00145,0.0,0.0,0.0,0.0,0.0,0.00768,0.0,0.0,0.0,0.01372,0.0,0.0,0.0,0.0,0.10297,0.00247,0.00234,0.0045,0.0,0.00135,0.0,0.0,0.00193,0.00241,0.0,0.0,0.0,0.00193,0.0,0.0,0.00157,0.0,0.04956,0.0,0.00059,0.0,0.0,0.0,0.01519,0.0,0.0,0.0,0.00371,0.0,0.0,0.0,0.03709,0.0,0.00263,0.0,0.0,0.0,0.00012,0.01212,0.01099,0.0,0.05867,0.27582,0.0,0.0,0.0,0.0,0.00886,0.0,0.00215,0.0,0.0,0.0,0.0,0.0,0.0,0.25762,0.0,0.0,0.0,0.0,0.0,0.0,0.01654,0.0,0.0,0.02513,7.48358,0.0,0.02865,0.0,0.0,0.0,0.01115,0.0,0.0,0.0,0.0,0.0,0.0,0.0,0.00092,0.0,0.0,0.1246,0.0,0.06718,0.0,0.0,0.0,0.0,0.0,0.0,0.0,0.0,0.0,0.0,0.0,0.0,0.01249,0.0,0.0,0.0,0.00596,0.00191,0.0,0.0,0.0,0.19875,0.00496,0.0,0.26593,0.06664,0.0,0.0,0.0,0.0,0.0,0.0,0.0,0.0,0.0,0.0,0.07808,0.0,0.0,0.0,0.02169,0.0,0.34197,0.0,0.0,0.07706,0.0,0.0,0.0,0.0,0.0,0.0,0.00853,0.0,0.06719,0.0,0.0,0.0,0.0,0.0,0.05865,0.0,0.0,0.0,0.0,0.0,0.02659,0.0,0.01045,0.01332,0.01133,0.014,0.0,0.00469,0.00174,0.0,0.0,0.1719,0.05766,0.03617,0.02271,0.01869,0.00926,0.00831,0.00728,0.00122,0.00058,0.0,0.0,0.0,0.0,0.0,0.0,0.0,0.0,0.0,0.0,0.0,0.0,0.0,0.0,0.0,0.0,0.0,0.0,0.0,0.0,0.0,0.0,0.0,0.0,0.0,0.0,0.0,0.0,0.0,0.0,0.0,0.0,0.0,0.0,0.0,0.0,0.0,0.0,0.0,0.0,0.0,0.0,0.0,0.0,0.0,0.0,0.0,0.0,0.0,0.0,0.0,0.0,0.0,0.0,0.0,0.0,0.0,0.0,0.0,0.0,0.0,0.0,0.0,0.0,0.0,0.0,0.0,0.0,0.0,0.0,0.0,0.0,0.0,0.0,0.0,0.0,0.0,0.0,0.0,0.0,0.0,0.0,0.0,0.0,0.0,0.0,0.0,0.0,0.0,0.0,0.0,0.0,0.0,0.0,0.0,0.0,0.0,0.0,0.0,0.0,0.0,0.0,0.0,0.0,1
MSM_049_MPX078,0.0,0.0,0.0,0.0,0.0,0.0,0.0,0.0,0.0,0.0,0.0,0.0,0.0,0.0,0.0,0.0,0.0,0.0,0.0,6.89142,0.0,0.0,0.0,0.43515,0.0,0.0,0.0,0.0,0.0,0.0,0.0,0.0,0.0,3.5575,0.0,0.0,17.82928,0.0,0.0,0.0,0.0,0.0,0.0,0.0,0.0,1.52605,0.0,0.0,0.0,0.0,0.0,0.0,0.0,0.0,0.0,0.0,0.0,0.0,0.0,0.0,0.0,0.0,0.0,0.0,0.0,0.0,0.0,9.77847,0.0,0.0,0.0,0.45689,13.52687,0.0,0.0,0.0,0.41749,0.0,0.0,0.0,0.0,0.0,0.0,0.0,0.0,0.0,0.0,0.0,1.2241,0.0,0.0,0.0,0.0,0.0,0.0,0.0,0.0,0.0,0.0,0.0,0.0,2.20783,0.0,0.02442,0.0,0.0,0.0,0.0,0.0,0.0,0.0,0.0,0.0,0.0,0.0,0.0,1.19995,0.0,0.0,0.0,0.0,0.0,0.22328,0.0,0.0,0.0,0.0,0.0,0.0,0.0,0.54041,0.0,0.90563,3.46951,0.0,0.0,0.0,0.0,0.0,0.0,0.0,0.0,0.0,0.0,0.0,0.0,0.0,0.0,0.0,0.0,0.0,0.0,0.0,0.0,0.0,0.0,0.0,0.0,0.0,0.0,0.0,0.0,0.0,0.0,0.0,0.0,0.0,0.0,0.0,0.0,0.0,0.0,0.0,2.60024,0.0,0.0,0.0,0.0,0.0,0.0,0.0,0.0,0.0,0.0,0.0,0.0,0.0,0.0,0.0,0.52152,0.0,0.0,0.0,0.0,0.0,0.0,0.0,0.0,0.0,0.0,0.0,0.0,0.0,0.20958,3.27785,0.0699,0.0,0.66194,0.0,0.0,0.0,0.0,0.01742,0.0,0.0,0.0,0.0,0.0,0.0,0.0,0.0,0.0,0.0,0.0,0.0,0.0,0.0,0.0,0.0,0.0,0.0,0.0,0.0,0.0,0.0,0.0,0.0,0.0,0.0,0.0,0.0,0.0,0.0,0.0,0.0,0.0,0.0,0.0,0.0,0.0,0.0,0.0,0.0,0.0,0.0,0.0,0.0,0.0,0.0,0.0,0.0,0.0,0.0,0.0,0.0,0.0,0.0,0.0,0.0,0.0,0.0,0.02807,0.27745,0.0,0.0,0.0,0.0,0.0,0.00348,0.0,0.0,0.0,0.0,0.0,0.76253,0.0,0.0,0.0,0.0,0.0,0.0,0.0,0.0,0.0,0.0,0.0,0.0,0.47064,0.0,0.0,0.0,0.0,0.0,0.0,0.0,0.0,0.0,6.67075,0.0,0.78659,0.0,0.0,0.1054,0.00377,0.0,0.0,0.0,0.0,0.0,0.0,0.40723,0.0,0.0,0.0,0.0,0.0,0.0,0.0,0.0,0.04698,0.0,0.0,0.0,0.03914,0.0,0.0,0.0,0.0,0.0,0.0,2.91588,0.0,0.0,0.0,0.0,0.0,0.0,0.0,0.0,0.0,0.0,0.0,0.0,0.0,0.03954,0.0,0.0,0.0,0.0,0.0,0.0,0.0,0.0,0.0,0.0,0.0,0.0,0.0,0.0,0.0,0.0,0.0,0.0,0.0,0.0,0.0,0.0,0.0,0.0,0.0,0.0,0.0,0.0,0.0,0.0,0.0,0.0,0.0,0.0,0.0,0.0,0.0,0.0,0.0,0.0,0.0,0.0,0.0,0.0,0.0,0.0,0.0,0.0,0.0,0.0,0.0,0.0,0.0,0.0,0.0,0.0,0.0,0.0,0.0,0.0,0.0,0.0,0.0,0.0,0.0,0.0,0.0,0.0,0.0,0.0,0.0,0.0,0.0,0.00942,0.0,0.0,0.0,0.0,0.0,0.0,0.0,0.0,0.0,0.0,0.0,0.0,0.0,0.0,5.26973,1
P054,4.34364,0.59033,0.0,4.57973,0.0,32.60793,0.11201,0.52071,0.0,0.2291,2.58648,0.00101,0.34248,0.0,0.0,0.84791,0.96617,0.36918,0.0,0.04384,0.45347,0.0,0.05126,0.0,0.00012,31.50099,0.0,0.0832,0.00479,0.68254,0.04658,0.0,0.0,0.0,0.0,0.0,0.07222,0.0,0.0,0.0,0.0,0.00084,0.0,0.0,0.0,0.02269,0.03128,0.0,0.0,0.01442,0.00876,0.0,0.01332,0.06321,0.10031,0.00545,0.0,0.00185,0.0,0.00473,0.00352,0.0,0.0,0.00226,0.18213,0.003,0.07627,0.05782,0.02413,0.0,0.06654,0.00224,0.00267,0.0,0.0,0.01635,0.03671,0.0,0.0,0.08026,0.0,0.04833,0.0,0.01148,0.0,0.0,0.0,0.0,0.00593,0.14328,0.0,0.01748,8.72545,0.0,0.0,0.0,0.01067,0.00134,0.00128,0.0,0.01228,0.01119,0.0,0.00232,0.0,0.0,0.0,0.0,0.0,0.02873,0.0,0.03076,0.02382,0.0,0.01723,0.0,0.00213,0.0,0.00817,0.0,0.01222,0.00951,0.0,0.00959,0.05416,0.00124,0.0,0.00327,0.2524,0.0,0.0,0.00219,0.00434,0.0,0.08596,0.0,0.00054,0.0,0.00318,0.01248,0.0,0.0,0.0,0.0,0.00226,0.0,0.15894,0.0,0.00092,0.0,0.0,0.0,0.0,0.0,0.0,0.0,0.00072,0.0,0.00746,0.0,0.0,0.0,0.0,0.0,0.00019,0.01082,0.0,0.0,0.0,0.0,0.00135,0.0,0.0,0.00012,0.0,0.00103,0.0,0.00034,0.0,0.0,0.0,0.0,0.0,0.47856,0.0,0.0,0.00042,0.00027,0.0,0.00052,0.0,0.05369,0.0,0.00124,0.0,0.0,0.0,0.00016,0.0,0.0,0.0,0.0,0.0,0.0,0.00892,0.00223,0.0,0.0,0.0,0.0,0.0,0.0,0.06542,0.00354,0.0,0.0,0.0,0.0,0.0,0.0,0.14455,0.05152,0.01977,0.0,0.0,0.0,0.0,0.0,0.0,0.01811,0.0,0.009,0.06,1.78875,0.02207,0.42696,0.0,0.0,0.0,0.16279,0.0,0.0,0.0,0.0,0.0,0.0,0.0,0.0218,0.0,0.0,0.0,0.0,0.00885,0.0,0.0,0.0,0.0,0.01321,0.0,0.0,0.0,0.0,0.0,0.0,0.0,0.0,0.0,0.0,0.0,0.0,0.0,0.0,0.0,0.0,0.16413,0.0,0.0,0.06594,0.00434,0.0,0.0,0.0,0.0,0.15653,0.20101,0.0,0.0,0.00294,0.0,0.02515,0.0006,0.0,0.0,0.0,0.0,0.00727,0.0,0.0,0.0,0.0,0.0,0.0,0.0,0.0,0.0,0.0,0.0,0.00116,0.09138,0.0,0.0,0.0,0.0,0.00068,0.0,0.0,0.0,0.0,0.09722,0.0,0.0,0.00858,0.00148,0.0,0.0,0.0,0.0,0.0,0.0,0.0,0.0,0.0,0.0,0.0,0.0,0.0,0.0,0.0,0.01546,0.0,0.0,0.0,0.0,0.0,0.0,0.0,0.0,0.0,0.0,0.00137,0.0,0.0,0.0,0.0,0.0,0.0,0.0,0.0,0.0,0.0,0.0,0.0,0.0,0.0,0.0,0.0,0.0,0.0,0.0,0.0,0.0,0.0,3.05263,0.00081,0.0,0.0,0.0,0.0,0.0,0.0,0.0,0.0,0.0,0.0,0.0,0.0,0.0,0.0,0.0,0.0,0.0,0.0,0.0,0.0,0.0,0.0,0.0,0.0,0.00877,0.0,0.0,0.0,0.0,0.00126,0.0,0.0,0.0,0.0,0.0,0.00195,0.0,0.0,0.02129,0.0,0.0,0.0,0.0,0.0,0.0,0.0,0.0,0.0,0.0,0.0,0.0,0.0,0.0,0.0,0.0,0.0,0.0,0.0,0.0,0.0,0.0,0.0,0.0,0.0,0.0,0.0,0.0,0.0,0.0,0.0,1
MSM_L1_A5,14.27995,0.72698,14.92339,0.0,0.0,11.79814,0.36948,0.0,3.02212,0.0,0.90363,0.00432,0.47903,0.26521,0.0,1.78219,1.41721,0.0,0.67274,0.11817,0.01043,0.0,0.0,0.0,0.01025,0.0,0.0,0.43101,0.02873,0.0,0.0,0.0,0.0,0.0,0.0,0.0,0.0,0.0,0.0,1.50671,0.1461,0.01675,0.0,0.0,0.0,0.522,1.28691,0.51693,0.22355,0.05813,0.01292,0.02041,0.09335,0.39869,0.0,0.0,0.0,0.15316,0.0,0.06989,0.01679,0.0,0.0,0.0,0.17436,0.0,0.11187,1.09038,0.0,0.0,0.66186,0.64943,0.0,0.0,0.0,0.08528,0.03124,0.0,0.0,0.18579,0.11826,0.00247,0.0,0.0,0.0,0.0,0.0,0.0,0.0,0.0,0.0,0.01211,0.0,0.0,0.00635,0.32012,0.01651,0.0,0.09316,0.0,0.0,0.03311,0.0,1.49375,0.0,0.0,0.0,0.0,0.0,0.31451,0.00619,0.0,0.02079,0.0,0.0,0.0,0.0,0.0,0.0,0.70576,0.61537,0.217,0.11998,0.0,0.0,0.79965,0.0,0.0212,0.03218,0.0053,0.0,0.01404,0.06483,0.058,0.08028,0.0,0.1688,0.0,0.0,0.03155,0.0,0.0,0.0,0.0014,0.04375,0.0,2.88429,0.0,0.0,0.0,0.0,0.0,0.0,0.0,0.0,0.0,0.0,0.0,1.36785,0.0,0.60457,0.0,0.0,0.0,0.0,0.0247,0.0,0.0,0.0,0.0,0.00088,0.0,0.0,0.0,0.0,0.0,0.0,0.0,0.0,0.0,0.01071,0.01285,0.01134,0.01783,0.0,0.0,0.0,0.0,0.00091,0.01523,0.0,0.01047,0.0,0.0,0.00302,0.0,0.0,0.0,0.0,0.0,0.0,0.0,0.0,0.0,0.0,0.02268,0.0,0.0,0.0,0.0,0.0,0.0,0.08527,0.32718,0.0,0.0,0.0,0.0,0.0,0.0,1.19717,0.70641,0.0,0.0,0.0,0.0,0.0,0.0,0.07147,0.0,0.0,0.0,0.29701,4.0163,2.2616,0.0,0.0,0.0,0.0,0.0,0.0,0.0,0.0,0.0,0.0,0.0,0.0,0.0,0.0,0.01962,0.0,0.0,0.00346,0.0,0.0,0.0,0.0,0.16093,0.01194,0.0,0.0,0.09841,0.0,0.0,0.0,0.0,0.0,0.0,0.0,0.0,0.00669,0.0,0.0,0.0,0.4204,0.0,0.0,0.0,0.0,0.02753,0.0,0.0,0.0,13.49344,0.0,0.00071,0.0,0.0,0.04773,0.0,0.0,0.0,0.0,0.0,0.0,0.00164,0.03016,0.0,0.0,0.0,0.0,0.12374,0.0,0.0,0.0,0.02924,0.0,0.00652,0.0,0.0,0.02274,0.0,0.0,0.0,0.0,0.0,0.0,0.0,0.0,0.0,0.0,0.0,0.0,0.13615,0.0,0.03396,0.0,0.0,0.0,0.0158,0.0,0.0,0.0,0.134,0.0,0.0,0.0,0.0,0.0,0.0,0.0,0.20103,0.0,0.0,0.0,0.0,0.0,0.0,0.0631,0.0,0.0,0.0,0.0,0.0,0.0,0.00167,0.0,0.0,0.0,0.0,0.0,0.0,0.05501,0.0,0.0,0.0,0.0,0.0,0.0,0.0,0.0,0.0,0.0,0.0,0.0,0.0,0.0,0.0,0.0,0.0,0.0,0.0,0.0,0.0,0.0,0.0,0.0,0.0,0.0,0.0,0.0,0.0,0.0,0.0,0.03334,0.0,0.0,0.0,0.0,0.0,0.0,0.152,0.0,0.0076,0.0,0.0,0.0,0.0,0.0,0.0,0.0,0.0,0.49458,0.0,0.0,0.0,0.0,0.0,0.0,0.0,0.0,0.0,0.0,0.0,0.0,0.0,0.0,1.3009,0.0,0.0,0.0,0.0,0.0,0.0,0.0,0.0,0.0,0.0,0.0,0.0,0.0,0.0,0.0,0.0,1
P036,4.55751,0.12032,0.47267,0.20483,0.0,2.51697,0.0,0.77594,0.35883,0.01754,0.10013,2.00335,1.51697,0.22709,0.01565,0.02348,0.00476,0.0634,0.04872,0.0,0.0,0.01169,0.12674,0.0,0.00938,0.18047,0.00645,0.09467,0.17066,0.01442,0.71094,0.0,0.00155,0.16516,0.0949,0.0319,0.05458,0.12033,0.0,0.03734,0.0,0.05869,0.0055,0.40991,0.20115,0.0,0.02891,0.00176,0.0,0.00824,0.28757,0.0,0.0379,0.20274,0.3748,0.00999,0.0,0.0,0.1966,0.13509,0.12204,0.01419,0.19003,0.05289,0.0,0.34626,0.0649,0.18822,0.35172,0.00365,0.14905,0.00644,0.00308,0.09869,0.23192,0.05924,0.02862,0.00774,0.33524,0.0,0.03523,0.06429,0.20251,0.0,0.00849,0.05169,1.71232,0.0,0.01621,0.03107,0.0,0.02857,0.0076,0.04218,0.0,0.00137,0.01861,0.0,0.03772,0.0434,0.00295,0.0,0.07441,0.08014,0.01302,0.01103,0.82984,0.02423,0.11428,0.09135,0.01878,0.06183,0.02928,0.50991,0.03516,0.03379,0.00498,0.07338,0.0,0.38074,0.05647,0.14982,0.02983,0.08528,0.06294,0.0827,0.10035,0.0,0.0128,0.00251,0.00731,0.0075,0.01699,0.02002,0.28987,0.0,0.11631,0.08044,0.02438,0.0,0.0,0.00369,0.46981,0.00944,0.02539,0.01773,0.00544,0.03226,0.0,0.12783,0.11448,0.02564,0.00757,0.16061,0.0,0.0323,0.0,0.0,0.52806,0.00124,0.55708,0.06217,0.00256,0.01642,0.08145,1.10972,0.08077,0.02036,0.03372,0.18573,0.17766,0.0,0.0,0.0,0.0,0.04075,0.76869,0.02467,0.00674,0.02982,0.00182,0.00233,0.00162,0.94403,0.09777,0.00803,0.03102,0.02409,0.05303,0.01273,0.0106,0.00017,0.01236,0.0,0.0021,0.1547,0.01497,0.03583,0.0,0.0,0.02291,0.1774,0.0,0.0,0.0,0.03317,0.04099,0.0,0.10623,0.0,0.0,0.0,0.01976,0.04358,0.07315,0.00861,0.81723,1.99413,0.0,0.14936,0.46015,0.0,0.0,0.38692,0.0793,1.92834,0.0,0.01798,0.02492,0.0,0.0,0.0,0.17646,0.0,0.21681,3.01396,0.0,0.17574,0.15847,1.05568,0.0,0.03033,0.02569,0.00214,0.0,0.00105,0.02118,0.00198,0.0,0.05012,0.0,1.11811,0.0,0.01535,0.04066,0.0,0.00071,0.00106,0.0,0.16321,0.02301,0.0,0.11013,0.00261,0.01782,0.01189,0.00197,0.0,0.0,0.0004,0.00576,0.0,0.0,0.05779,0.00678,0.0,0.0,0.00186,0.00589,0.0,0.0,0.00114,0.0,0.0,0.00826,0.02275,0.13069,0.0,0.0,0.0,0.20582,0.0,0.05785,0.0,0.00476,0.16123,0.0,0.03875,0.0,0.0,0.06794,0.0,0.0,0.00996,0.0,0.0,0.0,0.0,0.30107,0.0,0.0,0.00767,0.01917,0.00549,0.08655,0.0,0.00389,0.0,0.0,0.01126,0.0,0.01008,0.0,0.0,0.0,0.0,0.00069,0.0,0.0,0.0,0.0,0.0,0.00024,0.0,0.00032,0.0,0.0,0.00211,0.01091,0.03961,0.0,0.24674,0.021,0.26099,0.05211,0.31885,0.32466,0.0,0.13366,0.00033,0.0,0.00128,0.03995,0.02841,0.0,0.0,0.20641,0.0,0.0,0.0,0.0,0.0125,0.0,0.0,0.14281,0.0,0.12935,0.0,0.0,0.0099,0.06016,0.0,1.29837,0.08117,0.0,0.04121,0.0,0.02328,0.0696,1.02072,0.40758,0.0,2.95818,0.03644,0.11214,0.03833,0.2472,6.44189,0.0,0.01531,0.32775,0.00203,0.0253,3.17381,0.0,0.05362,0.0,0.0,0.47071,0.0,0.00031,0.07352,0.00649,0.03405,0.0852,0.16387,0.04824,0.01909,0.04969,0.00366,3.499,0.24312,0.0,0.0,1.48013,0.10644,0.0,0.01535,0.0,0.14152,0.25519,0.0013,0.02981,0.02843,0.01002,0.04741,0.38239,0.04506,0.0,0.0,0.0,0.001,0.02068,1.14774,0.02133,0.07905,0.0,0.23111,0.0,0.6037,0.38457,0.01864,0.0,0.0,1
MSM_L2_E7,4.26406,3.07397,3.4895,2.17401,2.66138,6.83131,0.55945,0.44144,1.37648,0.28565,5.31735,1.21917,1.94258,0.47467,0.24245,1.1453,2.49356,0.02472,0.31494,0.0,0.0,0.08673,0.0,0.01275,0.3905,0.19037,0.00407,0.48405,0.05915,2.04816,0.2797,0.09255,0.90383,0.28646,0.48048,0.02757,0.05648,0.33807,0.0,0.04782,0.12758,0.12082,0.19035,0.05292,0.0,0.0,0.08112,0.48754,1.08329,0.02614,1.00673,0.0755,0.74455,0.64623,0.0,0.0,0.33978,0.0,0.08791,0.16004,0.10418,0.00159,0.0,0.1553,0.0,0.04571,0.36112,0.20957,0.85377,0.30849,0.2343,0.01526,0.0021,0.02445,0.88416,0.44308,1.05311,0.00308,0.65987,0.0,0.02365,0.04852,0.13684,0.0,0.00019,0.10868,0.1621,0.01069,0.0,0.31057,0.0,0.02019,0.52338,0.04794,0.00957,0.2899,0.02428,0.0,0.09154,0.0,0.0,0.00783,0.00712,0.39947,0.03915,0.09978,0.19773,0.63149,0.01025,0.01282,0.03606,0.08842,0.032,0.43174,0.02011,0.02083,0.0,0.05369,0.0,0.02188,0.01185,0.19613,0.1071,0.1727,0.00042,0.09881,0.62628,0.0,0.0,0.0,0.0,0.02318,0.01153,0.01675,0.25968,0.0,0.05778,0.0,0.00252,0.0,0.0,0.00172,0.40983,0.0016,0.00903,0.01862,0.18225,0.01532,0.0,0.1352,0.07247,0.03725,0.03709,0.05557,0.0,0.0141,0.0,0.0,0.11254,0.03051,0.17373,0.00829,0.0,0.00629,0.05456,0.90991,0.02745,0.06364,0.02457,0.22571,0.01338,0.0,0.00374,0.0,0.0,0.01327,0.58543,0.01033,0.0026,0.0265,0.0,0.00311,0.01776,0.98233,0.03946,0.0,0.02081,0.03845,0.03692,0.00087,0.00447,0.0,0.0,0.00905,0.0,0.01379,0.00299,0.04323,0.12439,0.0,0.02174,0.20818,0.0,0.0,0.0,0.01154,0.01131,0.0,0.02582,0.0,0.00011,0.0,0.17804,0.05433,0.13932,0.03053,0.17746,0.0,0.1567,0.04247,1.08336,2.46637,0.0,0.34248,0.00428,0.0,0.00269,0.0,0.03918,0.0,0.0,0.03038,0.06714,0.10615,0.27627,2.6618,0.41589,0.0,0.37925,1.4575,0.0,0.00824,0.00389,0.00108,0.0,0.00014,0.0,0.005,0.0,0.0,0.0,0.01718,0.0,0.00631,0.09784,0.0,0.0,0.0,0.0,0.00178,0.04191,0.0,0.00867,0.0,0.0,0.00972,0.0,0.0,0.0,0.0,0.0,0.0,0.0,0.0,0.92505,0.0,0.0,1.07528,0.00404,0.0,0.0,0.05589,0.0,0.0,0.0,0.0,0.04561,0.0,0.0,0.0,0.01532,0.0,0.0,0.0,0.0,0.10612,0.0,0.00851,0.0,0.0,0.02364,0.0,0.0,0.01085,0.0,0.32509,0.00024,0.0,0.07247,0.0,0.0,0.00517,0.00464,0.03981,0.02041,0.0,0.0,0.0,0.0,0.0,0.00049,0.0,0.0,0.03116,0.0,0.0,0.0,0.0,0.0,0.0,0.0,0.01445,0.0,0.0,0.00773,0.01566,0.0,0.0,0.40733,0.05555,0.0,0.04911,0.36574,0.31861,0.03005,0.0,0.00351,0.0,0.03918,0.0,0.0,0.0,0.0703,0.0,0.0,0.0,0.05497,0.0,0.0,0.0,0.0,0.0,0.0,0.00211,0.18517,0.0,0.18526,0.00714,0.20189,0.0,0.0,0.35904,0.0,0.09768,0.0,0.01473,0.0,0.02847,0.0,0.13325,0.36505,0.62233,0.0,0.00397,0.16605,0.0,0.08083,0.0,0.0,0.06949,0.00588,0.0122,0.00903,0.90838,0.0,0.0,0.0,0.0,0.23879,4.79868,0.0,0.13832,0.01029,0.0831,0.01804,0.03925,0.01918,0.00529,0.09173,0.0,0.04381,0.40469,0.0,0.66495,0.0,0.07086,0.00191,0.00126,0.01335,0.02481,0.01355,0.00272,0.01172,0.01332,0.0,0.00653,0.0,0.0,0.0,0.0,0.0,0.0,0.02066,0.02158,0.01089,0.06585,1.35543,0.18028,0.0,0.01644,0.17888,0.00223,0.0,0.0,1
MSM_008_MPX017,0.0,0.0,20.72544,0.0,6.50054,22.02835,0.0,0.0,0.0,0.0,0.0,0.0,0.04981,0.0,0.0,14.64637,0.0,0.0,0.0,0.00936,1.38477,0.0,0.19524,0.0,0.0,0.0,0.0,0.54183,0.01813,0.0,0.0,0.0,0.0,0.0,0.0,0.0,0.17142,0.0,0.0,0.0,0.0,0.00389,0.0,0.0,0.0,0.09857,0.00678,0.0,0.0,0.0,0.25248,0.0,0.18547,0.04395,0.0,0.0,0.0,0.00883,0.0,0.04957,0.05862,0.01159,0.0,0.00711,0.01396,0.0,0.00835,0.03571,0.0,0.0,0.10138,0.17,0.09207,0.0,0.0,0.03464,0.02684,0.0,0.0,0.00492,0.12701,0.0,0.0,0.0,0.0,0.0,0.0,0.0,0.0,0.0,0.0,0.01234,12.60456,0.0,0.0,0.0,0.02454,0.0,0.18786,0.00169,0.0,0.0,0.0,0.0,0.0,0.0,0.0,0.0,0.0,0.02243,0.02265,0.0,0.0,0.0,0.0981,0.0,0.0,0.0,0.0,0.0,0.0,0.13156,0.03351,0.00067,0.0,0.00435,0.0,0.0,0.0,0.0,0.0,0.01673,0.00244,0.01577,0.00608,0.0,0.03094,0.0,0.01667,0.01977,0.01105,0.0,0.0,0.0,0.00065,0.0,0.0,0.00379,0.0,0.0,0.0,0.0,0.0,0.0,0.0,0.0,0.00158,0.0,0.02039,0.0,0.09347,0.0,0.01527,0.00051,0.0,0.00011,6e-05,0.00047,0.00715,0.0,0.00146,0.0,0.0,0.0,0.0,0.0,0.0,0.0,0.0,0.0,0.0,0.00163,0.0,0.0,0.0,0.0,0.01374,0.0,0.01196,0.0,0.0,0.05105,0.00473,0.0,0.0,0.0,0.0,0.00274,0.0,0.0,0.0,0.00268,4e-05,0.0,0.14521,0.00042,0.0,0.0,0.0,0.0,0.0,0.0,0.0,0.01547,0.00199,0.0,0.0,0.0,0.0,0.0,0.0,0.12456,0.01602,0.0,0.0,0.0,0.0,0.0,0.0,0.0,0.0,0.0,0.0,0.0,0.0,0.0,0.0,0.0,0.0,6.41191,0.0,0.0,0.0,0.0,0.0,0.0,1.86078,0.0,0.0,0.0,0.0,0.0,0.00404,0.0,0.0,0.0,0.0,0.0,0.0,0.0,0.0,0.0,0.0,0.0,0.0,0.0,0.0,0.0,0.0,0.0,0.0029,0.00735,0.0,0.0,2.3909,0.0,0.0,0.0,0.0,0.0,0.0,0.0,0.0,1.6655,0.0,0.0,0.5234,0.0,0.0396,0.27443,0.0,0.0,0.0,0.00156,0.01218,0.0,0.0,0.0,0.00252,0.0,0.0,0.0,0.0,0.0,0.0,0.0,0.0,0.0,0.26304,0.0,0.0,0.0,0.0,0.00073,0.00542,0.01159,0.0,0.0,0.0,0.0,0.0,0.04539,0.0,0.0,0.0,0.00031,0.0,0.00463,0.0,0.0,0.0,0.0,0.0,0.0,0.0,0.0,0.0,0.0,0.0,0.0,4.05421,0.0,0.0,0.0,0.0,0.0,0.0,0.0,0.0,0.01424,0.0,0.0,0.0,0.0,0.0,0.0,0.0,0.0,0.0,0.0,0.0,0.0,0.0,0.0,0.0,0.0,0.0,0.0,0.0,0.0,0.0,0.0,0.0,0.0,0.0,0.0,0.0,0.0,0.0,0.0,0.0,0.0,0.0,0.0,0.0,0.0,0.0,0.0,0.0,0.0,0.0,0.0,0.0,0.0,0.0,0.0,0.0,0.0,0.0,0.0,0.0,0.0,0.0,0.0,0.0,0.0,0.0,0.0,0.0,0.0,0.0,0.0,0.20122,0.0,0.0,0.0,0.0,0.0,0.0,0.0,0.0,0.0,0.0,0.0,0.0,0.0,0.0,0.0,0.0,0.0,0.0,0.0,0.0,0.0,0.0,0.0,0.0,0.0,0.0,0.0,0.0,0.0,0.0,0.0,1
P002,0.46661,1.01757,0.05424,0.38166,0.01969,0.27121,0.41492,0.0067,0.02331,0.35999,0.22363,0.01149,1.82089,0.02858,0.0,0.01333,0.0,0.85,0.04546,0.05119,0.0,0.01668,0.06434,0.02064,0.02685,1.2021,0.00907,0.10825,0.00451,0.14701,1.13047,0.1778,0.0,0.10486,0.02583,0.04075,0.00984,0.45719,0.00243,0.05247,0.00408,0.14707,0.0,0.19458,0.42255,0.02481,0.24242,0.0,0.59447,0.01229,0.18243,0.0,0.12262,0.41972,0.00301,0.01062,0.1969,0.01281,0.0,0.13547,0.10506,0.06738,0.00846,0.18389,0.13812,0.0018,0.06664,1.82604,1.13969,0.0,0.09576,0.01183,0.18339,0.06405,0.0,0.06418,0.07137,0.00251,0.40376,0.04217,0.11428,0.12277,0.10076,0.0,0.00715,0.0,0.0,0.12535,0.08136,0.13025,0.0,0.02115,0.45168,0.00475,0.0107,0.0,0.01412,0.0,0.05942,0.1055,0.00105,0.01402,0.04175,0.34229,0.0,0.0,0.0,0.05362,0.06476,0.09978,0.04484,0.20792,0.00326,0.0,0.07617,0.01709,0.28462,0.57198,0.13973,0.0,0.04174,0.17301,0.03064,0.30116,0.67876,0.25711,1.45166,0.0,0.01338,0.02709,0.32578,0.01855,0.00984,0.02176,0.36008,0.12898,0.07588,0.11146,0.12158,0.02374,0.00349,0.00467,0.48048,0.0231,0.0977,0.00265,0.1315,0.03268,0.00383,0.05874,0.23166,0.10564,0.06487,0.06498,0.0,0.03257,0.0,0.0,0.63353,0.0,0.09664,0.09393,0.0,0.00667,0.38532,0.06155,0.15221,0.01353,0.01889,0.0127,0.02571,0.0,0.0,0.70241,0.00379,0.13932,0.01456,0.00628,0.01925,0.00643,0.00435,0.00293,0.05397,0.0,0.0359,0.02761,0.02989,0.89713,0.0177,0.51262,0.0,0.00611,0.00824,0.03873,0.00157,0.0,0.04019,0.05494,0.0,0.0,0.01056,0.08499,0.0,0.04759,0.0,0.02485,0.07397,0.0,0.02546,0.0334,0.0,0.00292,0.0,0.08219,0.16549,0.0068,0.76462,0.0,0.0,0.23838,1.20608,1.10656,0.00998,0.58817,0.15911,1.15671,0.05304,0.01795,0.92493,0.00443,0.0,3.57741,0.05225,0.0,3.55917,2.0518,0.0,0.0,0.21025,0.40163,0.00305,0.17028,0.05458,0.08239,0.00069,0.08407,0.05621,0.00278,0.0,0.04679,0.0,2.93486,0.0,0.02016,0.08386,0.0,0.00418,0.0,0.0,0.00859,0.03395,0.04747,0.01715,0.00569,0.00244,0.03027,0.00929,0.0,0.00268,0.0,0.0022,0.01518,0.00462,0.0,0.37244,0.0,0.0,0.08808,0.00199,0.00266,0.0,1.11162,1.82209,0.0,0.0,0.03039,0.57147,0.0,0.0,0.0,0.08679,0.0,0.0,0.0,0.0,0.0,0.0,0.003,0.0,0.0,0.04479,0.03205,0.0,0.02339,0.0,0.0,0.0,0.00113,0.18353,0.01559,0.0,0.00499,0.01586,0.00139,0.1594,0.0,0.00325,0.0,0.34024,0.0,0.33489,0.00553,0.0,0.0,0.0,0.0,0.0,0.0,0.0,0.0,0.0,0.0,0.0,0.0,0.01573,0.11813,0.0,0.01881,0.24699,0.0,0.0,0.0,1.29693,1.22373,0.61846,0.0,0.0,0.00249,0.25829,0.00053,0.0,0.01427,0.98244,0.0048,0.0,0.0,0.26094,0.05421,0.00441,1.57395,0.0,0.0,0.00308,0.06344,0.09548,0.00516,0.12092,0.00839,0.07338,0.08256,0.0,0.0,0.0,0.02283,0.03153,0.03683,0.04017,0.0,0.08127,0.0,0.0,0.0,0.36921,0.42483,0.0,0.25397,0.09882,3.47401,0.00414,0.48059,0.31593,0.03334,0.07365,2.56276,0.0,0.00481,0.0,0.02579,0.00015,0.0,0.0014,0.06032,0.03358,0.0,0.0,0.01951,0.0,0.01664,0.35277,0.04356,0.0,0.00534,0.0,0.0,0.79312,0.0,0.0,0.01349,0.0,0.0,0.8228,0.00837,0.02696,0.0,0.00028,0.0094,0.0,0.0,0.0,0.0,0.01971,0.05115,0.45865,0.07444,0.00391,0.37347,0.0,0.0,0.00379,0.22051,0.0,0.3372,0.0,0.0,1
MSM_007_MPX013,3.02852,2.24101,1.54345,10.1968,0.0,5.78211,0.41588,3.18229,0.90011,0.0,2.45096,1.39773,0.69943,0.79148,0.58522,1.77364,2.18654,1.59582,3.31848,0.01776,0.0,0.0,0.02389,0.0,0.0,0.0,0.27444,0.02218,0.24932,1.67193,0.0,0.0,0.0,0.0,0.0,0.0,0.28258,0.29782,0.0,0.0,0.18191,0.13001,0.42261,0.0,0.0,0.0,0.04605,0.0,0.0,0.04769,0.0,0.0,0.0,1.15448,0.0,0.0036,0.0,0.11847,0.0,0.19087,0.0,0.41004,0.0,0.0049,0.59229,0.03324,0.0,0.66149,0.57665,0.0,0.26396,0.75896,0.08305,0.0,2.37622,0.0744,0.53646,0.0,0.0,0.14729,0.0,0.0,0.0,0.0,0.0,0.0,0.0,0.0,0.0353,0.0,0.05348,0.0218,1.19016,0.0,0.00065,3.55092,0.00876,0.0,0.3927,0.60558,0.04999,0.37814,0.0,0.81242,0.0,0.0,0.0,0.0,0.0,0.04294,0.03501,0.0,0.0,0.73621,0.2022,0.0,0.22488,0.0,0.0346,0.0,0.09841,0.15012,0.06217,0.0,0.0,0.15333,0.0,0.08982,0.25711,0.0014,0.0,0.00887,0.00366,0.02319,0.68867,0.0,0.02056,0.0,0.0,0.03679,0.0,0.00833,0.0,0.00256,0.0016,0.0,2.56253,0.27924,0.05856,0.0,0.14284,0.0,0.0,0.0,0.0,0.0,0.0,0.0,0.0,0.0,0.0,0.04315,0.0,0.0,0.0,1.12918,0.0,0.02361,0.0,0.0095,0.0,0.0,0.0,0.00584,0.0,0.05406,0.0,0.0,0.00246,0.0,0.0,0.00146,0.00267,2.67074,0.0,0.0,0.02448,0.0,0.03113,0.11936,0.0,0.0,0.0,0.05424,0.0,0.0,0.00219,0.02016,0.0,0.11518,0.0,0.0,0.03481,0.02327,0.0518,0.03927,0.0,0.0,0.00931,0.0,0.0,0.0,0.00891,0.00857,0.0,0.00269,0.0,0.0,1.50449,0.0,0.0,3.14396,0.18101,0.0,0.0,0.0,0.0,0.0,0.0,0.14639,0.0,0.0,0.14874,4.11793,0.0,4.1706,0.0917,0.0,0.0,2.82822,0.0,0.0,0.0,0.0,0.0,0.0,0.0,0.01582,0.00075,0.0,0.02091,0.0,0.21311,0.0,0.0,0.0,0.0,0.0,0.0,0.0,0.0112,0.0,0.0,0.0,0.0,0.0002,0.04101,0.0,0.0,0.0,0.0,0.0,0.08213,0.0,3.21374,0.0,0.0,4.4526,0.22499,0.0,0.0,0.0,0.0,0.0,0.14799,0.0,0.0,0.0,0.0,0.0,0.0,0.0,0.0,0.0,0.0,0.0,0.0,0.00326,0.0,0.0,0.0,0.0,0.0,0.0,0.0,0.0,0.0,0.0,0.17415,0.0,0.0,0.0,0.01103,0.51844,0.0,0.0,0.0,0.0,0.0,0.00048,0.03272,0.0424,0.01724,0.0,0.0,0.0,0.0,0.01266,0.0,0.00123,0.0,0.0,0.00097,0.0,0.01794,0.0,0.01062,0.0,0.0,0.0,0.0,0.0,0.00476,0.0,0.0,0.0,0.0,0.0,0.0,0.0,0.0,0.0,0.0,0.0,0.0,0.0,0.0,0.0,0.0,0.0,0.0,1.19468,0.0,0.0,0.0,0.0,0.0,0.0,0.0,0.0,0.0,0.0,0.40487,0.31828,0.00561,0.0,0.04896,0.0,0.0,0.0,0.0,0.0,0.0,0.0,0.72963,0.0,0.0,0.0,0.0,0.0,0.0,0.0,0.0,0.0,0.0,0.0,0.0,0.0,0.0,0.0,0.0,0.0,0.0,0.0,0.0,0.0,0.0,0.0,0.0,0.0,0.0,0.0,0.0,0.0,0.0,0.0,0.0,0.0,0.0,0.0,0.0,0.0,0.0,0.0,0.0,0.0,0.0,0.0,0.0,0.0,0.0,0.0,0.0,0.0,0.0,0.0,0.0,0.0,0.0,0.0,0.0,0.0,0.0,0.009,1
MSM_L1_B2,0.0,0.0,0.0,15.46616,0.0,0.0,0.0,0.0,0.0,0.0,0.0,0.0,0.0,0.0,0.0,0.0,0.0,0.0,0.0,2.28826,0.0,0.0,4.13612,0.0,0.0,0.0,0.0,0.0,0.0,0.0,0.0,0.0,0.0,0.0,0.0,0.0,0.0,0.0,0.0,0.0,0.0,0.0,0.0,0.0,0.0,1.60069,0.0,0.0,0.0,0.0,0.0,0.0,0.0,0.0,0.0,0.0,0.0,0.42771,0.0,0.0,0.0,0.0,0.0,0.0,0.34059,0.0,0.0,0.0,0.0,0.0,0.0,0.0,6.51704,0.0,0.0,0.0,0.0,0.0,0.0,0.07788,0.0,0.0,0.0,0.0,0.0,0.0,0.0,0.0,0.0,0.0,0.0,0.0,0.0,0.0,0.0,0.0,0.0,0.0,0.0,0.0,0.0,0.73723,0.0,0.0,0.0,0.0,0.0,0.0,0.0,0.0,0.0,0.0,0.0,0.0,0.0,0.0,0.0,0.0,0.0,0.0,0.0,0.0,0.13194,0.0,0.0,0.0,0.0,0.0,4.4146,0.00804,0.0,0.0,0.0,0.0,0.0,0.0,0.0,0.0,0.0,0.09272,0.0,0.0,0.0,0.0,0.0,0.0,0.0,0.0,0.0,0.0,0.0,0.0,0.0,0.0,0.0,0.0,0.07461,0.0,0.0,0.0,0.0,0.0,0.0,0.0,0.0,0.0,0.0,0.0,0.0,0.0,0.0,0.0,0.0,0.76906,0.0,0.0,0.0,0.0,0.0,0.0,0.03785,0.0754,0.0,0.0,0.0,0.0,0.0,0.0,0.0,0.40271,0.0,0.0,0.0,0.0,0.0,0.0,0.0,0.0,0.0,0.37504,0.0,0.0,0.0,0.61164,4.74661,0.0,0.0,0.0,0.0,0.0,0.0,0.0,0.0,0.0,0.0,0.0,0.0,0.0,0.0,0.0,0.0,0.0,0.0,0.0,0.0,0.0,0.0,0.0,0.0,0.0,0.0,0.0,0.0,0.0,0.0,0.0,0.0,0.0,0.0,0.0,0.0,0.0,0.0,0.0,0.0,0.0,0.0,0.0,0.0,0.0,0.0,0.0,0.0,0.0,0.0,0.0,0.0,0.0,0.0,0.0,0.0,0.0,0.0,0.0,0.0,0.0,0.0,0.00548,0.0,0.0,0.0,0.0,0.0,0.0,0.0,0.0,0.0,0.0,0.00167,0.0,0.0,0.0,23.50693,0.0,0.0,0.0,0.0,0.55095,0.0,0.0,0.0,11.25485,0.0,0.0,0.0,0.0,0.0,0.0,7.83897,0.58712,0.0,0.0,0.0,0.0,0.0,0.0,0.0,0.03454,0.0,0.0,0.0,0.0,0.0,0.09053,0.0,0.0,0.0,3.4585,0.0,0.0,0.0,0.94696,0.0,0.0,0.06122,0.00966,0.00884,0.05817,0.25481,0.00716,0.0,0.0,0.0,0.0566,0.0,0.0,0.0,0.0,0.0,0.0,0.0,0.0,0.0,0.0,0.0,0.0,0.0,0.0,0.0,0.0,0.0,0.0,0.0,0.0,0.01094,0.0,0.0,0.0,0.0,0.0,0.0,0.0,0.0,0.0,0.0,0.1403,0.0,0.0,0.0,0.0,0.0,0.0,0.0,0.0,0.0,0.0,0.0,0.0,0.0,0.0,0.0,0.0,0.0,0.0,0.0,0.0,0.0,0.0,0.0,0.0,0.0,0.0,0.0,0.0,0.0,0.0,0.0,0.0,0.0,0.0,0.0,0.0,0.0,0.0,0.0,0.0,0.0,0.0,0.0,0.0,0.0,0.0,0.0,0.0,0.0,0.0,0.0,0.0,0.0,0.0,0.0,0.0,0.0,0.0,0.0,0.0,0.0,0.0,0.0,0.0,0.0,0.0,0.0,0.0,0.0,0.0,0.0,0.0,0.0,0.0,0.0,0.0,0.0,2.12745,1
MSM_L2_A1,0.06025,0.05642,0.51296,0.59778,0.0775,0.57988,0.0001,0.04891,1.37931,0.24637,0.35929,0.03232,1.49845,0.01972,0.00064,0.01778,0.02332,0.03545,0.02297,0.0,0.0,0.01101,0.0,0.0,0.7642,0.01552,0.00112,0.1853,0.05425,0.1209,1.65216,0.04604,1.93045,0.0,0.00054,0.00879,0.0,0.17611,0.0,0.23467,0.00079,0.02613,0.00193,2.18616,0.0,0.0,0.19993,0.00378,0.66929,0.21996,0.33967,0.0,0.0,0.11823,0.0,0.00996,0.57683,0.0,0.04452,0.00132,0.13181,0.0,0.30145,0.17505,0.0,0.00175,0.00308,0.28701,0.13852,0.22068,0.28702,0.00268,0.0,0.0591,0.06044,0.078,0.00821,0.02836,0.43771,0.0,0.17135,0.1383,0.94505,0.0,0.0,0.01786,0.92984,0.0,0.0,0.05603,0.0,0.0,0.02158,0.00436,0.00925,0.05324,0.05656,0.0,0.0,0.0,0.0,0.0,0.12509,0.0188,0.04415,0.0,1.05863,0.17802,0.00983,0.09052,0.0,0.29068,0.0,1.85645,0.0,0.0,0.0,0.06362,0.0,0.40192,0.07758,0.07516,0.06237,0.07903,0.0,0.01152,0.51599,0.0,0.0,0.0,0.00078,0.04931,0.04051,0.00041,0.18095,0.01186,0.10775,0.00269,0.0085,0.0,0.0,0.0168,1.54596,0.00391,0.03504,0.06679,1.20666,0.0,0.0,0.0494,0.10855,0.20868,1.02694,0.03633,0.00138,0.03754,0.0,0.0,0.0,0.01118,0.62417,0.00035,0.0,0.0,0.05978,0.0,0.04776,0.0,0.05406,0.02713,0.05347,0.01202,0.0,0.0,0.00026,0.16833,0.01446,0.00738,0.01657,0.02385,0.0,0.01075,0.06668,0.16205,0.05166,0.01693,0.12252,0.18051,0.07308,0.00219,0.03898,0.0,0.00043,0.03429,0.0,0.0,0.01041,0.00014,0.0,0.0,0.06674,0.24235,0.0,0.0,0.0,0.02677,0.03633,0.0,0.12415,0.00058,0.00254,0.0,0.00605,0.13426,0.14971,0.10367,0.15039,0.00582,0.35615,0.76375,2.69286,0.0,0.0,0.15963,0.0285,0.0,0.0071,0.00909,0.00397,0.0,0.0,0.05391,0.00233,0.00872,0.92476,0.88849,0.0,0.00246,0.14035,0.0,0.01987,0.11814,0.05849,0.031,0.0,0.0,0.0,0.0,0.0,0.0,0.0,0.21804,0.0,0.00596,0.71056,0.0,0.0,0.0,0.0,0.01091,0.15032,0.0,0.07529,0.0,0.0,0.01337,0.0,0.00262,0.0,0.00032,0.00093,0.04068,0.0,0.0,0.0,0.0,0.0,0.17037,0.0018,0.0,0.0,0.0,0.0,0.0,0.0,0.00095,0.0337,0.0,0.0,0.0,0.03378,0.0,0.0,0.0,0.0,0.0468,0.0,0.01588,0.0,0.0,0.00119,0.0,0.0,0.03393,0.0,0.05135,0.0,0.0,0.24364,0.0,0.0,0.0,0.0,0.00578,0.07746,0.0,0.00176,0.0,0.0,0.0,0.0,0.0,0.0,0.0,0.0,0.0,0.0,0.0,0.0,0.0,0.0,0.0081,0.0,0.0,0.0,0.0,0.0,0.03133,0.02862,0.15449,0.0,0.0,0.00541,0.53935,0.0,0.00248,0.18099,0.0,0.22908,0.0,0.0,0.0,0.0356,0.0,0.0,0.0,0.26812,0.0,0.0,0.0,0.0,0.0,0.0,0.0,0.28357,0.0,0.00055,0.0,0.0,0.0,0.0,0.0,0.02132,0.0,0.0,0.03015,0.0,0.00192,0.00832,7.18114,0.04401,0.3202,0.00911,0.59466,0.04645,0.0,0.93593,0.0,0.0,2.09214,0.05563,0.01948,0.21463,11.8936,0.0,0.0,0.0,0.0,0.06947,3.7032,0.0,0.32677,0.04558,0.00362,0.0,0.07303,0.02292,0.0,0.3563,0.0,3.10578,0.00252,0.0,0.0243,0.632,0.11013,0.02887,0.0353,0.13548,0.07495,0.17484,0.10962,0.0242,0.09826,0.0,0.05522,0.07591,0.00137,0.0,0.0,0.01175,0.0,1.2486,0.33827,0.06625,0.19956,2.33715,0.18324,0.0,0.0,0.04984,0.006,0.01063,0.0,1
MSM_066_MPX111,0.14372,0.21722,3.30694,0.4237,0.16943,0.29868,0.21356,2.06275,0.6494,0.0,2.98278,0.00075,1.08982,0.2874,0.17558,0.28491,0.03276,0.85777,0.43464,0.06464,0.0,3e-05,0.0008,0.0,0.68379,1.36153,0.01407,0.14985,1.56689,0.13487,1.422,0.0254,0.4457,0.26802,0.00012,0.13596,0.03774,0.36701,0.0,0.02393,0.07283,0.0516,0.05244,0.24909,0.0,0.0,0.51997,0.01871,0.23319,0.03432,0.28435,0.00583,0.0705,0.23827,0.05497,0.08096,0.02143,0.01999,0.44539,0.06583,0.05307,0.00318,0.02221,0.02256,0.00289,0.00103,0.0,0.11591,0.01353,1.65735,0.21876,0.15275,0.00051,0.05222,0.10843,0.22808,0.02784,0.00742,0.40929,0.0,0.13069,0.44852,0.85238,0.0,0.00959,0.06043,0.0,0.0,0.0,0.03246,0.0,0.0305,3.91948,0.00372,0.00783,0.00373,0.0198,0.0,0.0,0.0,0.0,0.0,0.69375,0.00185,0.0021,0.00354,0.0,0.10403,0.00825,0.91048,0.0375,0.38916,0.00525,0.59152,0.00444,0.01014,0.03389,0.48197,0.08221,0.06615,0.45068,0.79827,0.09258,0.22176,0.31708,0.00523,0.82423,0.0,0.0,0.0,0.02693,0.00246,0.31059,0.0673,0.05939,0.01856,0.03233,0.0,0.0112,0.0,0.00092,0.06485,1.17598,0.00014,0.00492,0.03827,0.84117,0.01124,0.00593,0.06704,0.24038,0.16168,0.10184,0.0,0.00337,0.12747,0.0,0.0,0.22412,0.0,0.11835,0.00199,0.0,0.00072,0.05882,0.47269,0.00271,0.01012,0.01564,0.4665,0.03494,0.0,0.01527,0.0,0.0,0.02519,0.19126,0.00233,0.018,0.04152,0.0,0.07302,0.00431,0.18746,0.18596,0.01464,0.02721,0.07298,0.00455,0.02485,0.00141,0.0,0.00192,0.21455,0.0,0.0,0.14774,0.06605,0.017,0.00866,0.04662,0.02776,0.00338,0.0,0.00849,0.01584,0.04868,0.0,0.53509,0.00014,0.01186,0.00745,0.04704,0.0284,0.13128,0.0015,0.37927,0.29959,1.54609,0.7611,4.75604,0.0,0.0,1.04317,0.02444,1.59705,0.00187,0.01072,0.07922,0.0,0.0,0.0,0.00714,0.0,2.31972,1.77437,0.04751,0.0,0.29538,0.0,0.0,0.05345,0.02895,0.00519,0.0,0.07724,0.0,0.00424,0.0,0.04656,0.0,0.02423,0.0,0.00174,0.33768,0.0,0.0,0.0,0.0,0.0,0.1612,0.0,0.10717,0.0289,0.0,0.01101,0.0,0.0,0.0,0.02365,0.0,0.0,0.00174,0.0,0.00335,0.0,0.0,0.84258,0.0,0.0,0.0046,0.0,0.04626,0.0,0.0,0.0,0.00798,0.0,0.0,0.0,0.06818,0.0,0.0,0.0,0.0,0.00086,0.0,0.00692,0.0,0.0,0.0,0.0,0.0,0.04126,0.00162,0.13468,0.0003,0.0,0.0,0.0,0.0,0.00025,0.03432,0.0,0.16803,0.0,0.00362,0.0,0.0,0.0,0.0,0.00281,0.00444,0.36486,0.0,0.0,0.0,0.0,0.0,0.0,0.0,0.0,0.01486,0.0,0.0691,0.0,0.0,0.0,0.01919,0.01104,0.0,1.15271,0.15985,1.91099,0.02808,0.01175,0.05532,0.0,0.75035,0.0,0.00018,0.0,0.16811,0.00617,0.0,0.0,0.28755,0.0,0.0,0.0,0.0,0.0,0.0,0.07236,0.0169,0.0,0.13974,0.24896,0.0,0.0,0.07876,0.0,0.0,0.02361,0.0,0.0123,0.00485,0.11351,0.01305,0.23201,0.30828,0.0,0.01667,0.19756,0.0,0.03974,0.67978,4.45374,0.1967,1.07946,0.04356,0.00975,0.04051,8.64552,0.0,0.0,0.0,0.0,0.00474,2.15841,0.0,0.28567,0.03275,0.00685,0.00267,0.03407,0.02208,0.00898,0.13197,0.00329,0.0,0.0077,0.0,0.00966,0.04275,0.01836,0.4841,0.04853,0.00599,0.1582,0.0807,0.28993,0.02012,0.03773,0.00033,0.0,0.00092,0.0,0.0,0.0,0.07466,0.0,0.65712,0.02316,0.16025,0.158,0.0,0.0,0.0,0.03999,0.0,0.01164,0.0,0.0,1
MSM_044_MPX072,0.89727,0.73828,0.0,0.0,0.0,26.77439,2.78632,0.0,2.84146,0.4683,0.0,0.35438,0.4817,0.20871,0.17708,11.18325,0.36795,3.40661,2.74121,0.22221,0.0,0.0,0.40493,0.0,0.01218,0.0,0.00778,0.06458,0.00597,0.2854,0.06807,0.0,0.0,2.07303,0.01968,0.0,0.6139,0.24918,0.0,0.0,0.0,0.01424,0.19761,0.00161,0.81189,0.03379,0.0,0.0,0.00205,0.00486,0.38899,0.0,0.15831,0.18043,0.0,0.01345,0.56869,0.25985,0.4403,0.05397,0.01449,0.0,0.0,0.02564,0.24134,0.00778,0.0,0.80999,0.0,0.0,0.07571,0.23996,0.51611,0.0,0.0,0.00174,0.0,0.0,0.0,0.05034,0.0,0.04436,0.29843,0.0,0.0062,0.01197,0.09405,0.0,0.01868,0.01381,0.02976,0.0,0.0,0.0,0.0,2.52686,0.0,0.14653,0.0,0.0712,0.10586,0.00811,0.86896,0.42714,0.0,0.01139,0.05905,0.0,0.0077,0.00197,0.02901,0.0,0.03406,0.33606,0.06073,0.00842,0.0,0.0,0.0,0.0,0.0,0.14044,0.00893,0.00356,0.01913,0.02822,0.0,0.01271,0.30451,0.01717,0.0,0.0,0.02183,0.05609,0.13038,0.0,0.00173,0.0,0.0,0.0,0.00632,0.02909,1.23704,0.01475,0.00136,0.0,1.71281,0.00502,0.00298,0.0,0.17006,0.03794,0.059,0.00335,0.0,0.0,0.0,0.0,0.001,4.13643,0.34665,0.13124,0.0,0.0,0.01515,0.02146,0.0,0.05585,0.02377,0.25939,0.18281,0.0,0.01686,0.03716,0.0,0.0,0.0,0.0,0.0034,0.0,0.00333,0.00082,0.0,0.0,0.00423,0.00282,0.0,0.0,0.0,0.01929,0.00048,0.0,0.00048,0.0,0.01124,0.0,0.01385,0.02174,0.0,0.00082,0.0,0.41592,0.04872,0.02087,0.0,0.00209,0.00149,0.00015,0.07647,0.00111,0.0,0.0028,0.0,0.00289,0.02781,0.0,0.0,0.02116,0.0,0.00915,0.70352,3.4584,0.15716,0.10522,0.0,0.0,0.0,0.00298,0.13647,0.05042,0.0,0.0,0.42247,0.0,0.13464,0.0,0.0,0.0,0.05289,0.0,0.0,0.00046,0.0,0.0,0.0,0.0,0.0,0.01851,0.0,0.00167,0.00066,0.0,0.02286,0.0,0.81965,0.0,0.0,0.0191,0.0,0.0004,0.00526,0.0,0.0,0.00265,0.00227,0.00506,0.0,0.0,0.03553,0.0,0.01124,0.0,0.0021,0.0,0.0,0.0,0.0,0.66598,0.0,0.01272,0.0,0.0,0.00163,0.0,0.0,0.0,0.0,0.0,0.02207,0.0,0.08768,0.0,0.0,0.0,0.0,0.06218,0.0,0.02895,0.0,0.0,0.0,0.00439,0.0,0.09024,0.0,0.00098,0.0,0.00747,0.0,0.0,0.00981,0.0,0.0,0.01368,0.0,0.0,0.0,0.0,0.0,0.0,0.0,0.0174,0.07077,0.0,0.0,0.0,0.0,0.0,0.0,0.00251,0.00477,0.0,0.0,0.01741,0.0,0.0,0.0034,0.05967,0.17956,0.0,0.0,0.0,0.0,0.0,0.0,0.0,0.0,0.00349,0.203,0.0,0.0,0.0,0.0055,0.0,0.0,0.0,0.00181,0.0,0.00301,0.0,0.00418,0.0,0.0,0.0,0.0,0.00456,0.0,0.0,0.0,0.0,0.03548,0.0,0.0,0.0,0.0,0.00188,0.10322,0.0,0.0,0.94113,0.0,0.47395,0.0,0.52719,0.35749,0.0,0.10069,0.0,0.0,0.00218,0.0,0.00706,0.0,0.04239,0.0,0.0,0.0,0.0,0.0,3.19777,0.00332,0.0,0.0,0.0,0.0,0.0,0.00637,0.0,0.0,0.0,3.22091,0.0,0.0,0.0,0.0,0.0,0.0,0.01398,0.0,0.0,0.02751,0.00818,0.0,0.0,0.0,0.00879,0.0,0.0,0.0,0.0,0.0,0.0,0.0,0.0,0.0028,0.0,0.0,0.0,0.01892,0.0,0.0,0.00051,0.0,0.0,1
MSM_037_MPX064,0.54831,0.07966,3.6424,1.16745,0.0,20.89674,0.09726,0.78301,0.60883,0.17316,1.74461,0.11033,1.40372,0.19563,0.18707,3.37146,0.51695,0.01455,0.83938,0.00058,0.04254,0.20143,0.0,0.03913,0.03377,4.17809,0.01369,0.11651,0.39495,0.88957,1.50596,0.05483,4.07867,0.66094,0.09781,0.09964,0.01949,0.04491,0.0,1.02227,0.01794,0.0032,0.05791,0.48564,0.0,0.0,0.17016,0.01643,6.31885,0.09412,0.65383,0.0764,0.01682,0.07394,0.10652,0.10983,0.05597,0.0,0.01925,0.02477,0.04524,0.01445,0.0,0.11813,0.01512,0.02946,0.00921,0.63086,0.33239,0.37435,0.12034,0.03058,0.02904,0.01155,3.00614,0.16341,0.07541,0.01781,0.10406,0.0,0.02875,0.01782,0.28567,0.0,0.00324,0.02907,0.0,0.05707,0.00016,0.02423,0.0,0.02129,0.72495,0.00421,0.02728,0.4551,0.03644,0.01537,0.00965,0.03713,0.01881,0.0,0.0604,0.18961,0.01832,0.01593,0.49474,0.02991,0.01956,0.26643,0.0057,0.15145,0.01478,0.21582,0.03918,0.01325,0.0,0.30101,0.0,0.12073,0.18586,0.1314,0.0255,0.01103,0.04535,0.11224,0.67828,0.00216,0.00286,0.0,0.01172,0.03513,0.22436,0.03205,0.11313,0.0,0.02708,0.03744,0.0055,0.0,0.0,0.01783,0.66024,0.00234,0.03194,0.00862,0.29204,0.03556,0.0,0.45351,0.03976,0.16241,0.13306,0.00353,0.0,0.03169,0.0,0.0,0.0,0.0,0.06924,0.00768,0.0,0.00521,0.02823,0.09039,0.03439,0.00182,0.00728,0.07973,0.00752,0.02104,0.07114,0.0,0.01048,0.02488,0.38263,0.01281,0.01962,0.0217,0.0,0.0854,0.00373,0.07799,0.04317,0.02865,0.0233,0.50113,0.02074,0.0037,0.01103,0.0,0.00129,0.07735,0.0,0.0,0.01595,0.01146,0.0,0.0,0.06285,0.06646,0.00337,0.0,0.0,0.00767,0.01444,0.0,0.36162,0.01517,0.01524,0.00012,0.0,0.05106,0.08881,0.00611,0.07519,0.01166,0.0,0.1678,1.61353,0.48937,0.0,0.20355,0.01471,1.55945,0.15947,0.0,0.03095,0.0,0.0,0.0,0.40645,0.52513,1.15304,2.15102,0.00821,0.67969,0.06366,0.04979,0.0,0.03765,0.02034,0.01151,0.00578,0.00129,0.0,0.00786,0.0,0.05716,0.0,0.80243,0.0,0.00064,0.06057,0.0,0.0,0.0,0.0,0.0,0.01081,0.0,0.0677,0.00216,0.00158,0.00359,0.0,0.02062,0.0,0.03214,0.00186,0.0,0.0,0.0,0.0,0.0,0.0,0.28734,0.00325,0.0,0.0,0.0694,0.0,0.0,0.01439,0.14392,0.0,0.0,0.0,0.0,0.03215,0.0,0.0,0.0,0.00115,0.0661,0.0,0.04054,0.0,0.0,0.0,0.0,0.0,0.01989,0.0,0.00879,0.0,0.0,0.12581,0.0,0.0,0.0,0.00852,0.0,0.03966,0.0,0.00122,0.0,0.0,0.0,0.0,0.01376,0.0,0.0,0.0,0.0,0.0,0.0,0.0,0.0,0.01099,0.18622,0.01012,0.0,0.00653,0.0,0.0,0.01521,0.0202,0.01021,0.0,0.0,0.17475,0.1966,0.00145,0.08982,0.00796,0.0,0.0,0.0,0.0,0.0,0.07044,0.01046,0.0,0.0,0.05954,0.0,0.0,0.0,0.0,0.0,0.0,0.0425,0.00397,0.0,0.02776,0.06094,0.01564,0.0,0.0,0.0,0.0,0.00238,0.0,0.00275,0.0,0.0,0.0237,2.76388,0.97126,0.45138,0.0,0.03885,0.67522,0.0,0.12036,0.00472,0.00941,0.00908,0.00691,0.00682,0.00299,0.0,0.0,0.0,0.0,0.0,0.05931,0.1092,0.00332,0.04565,0.01455,0.0329,0.00189,0.08678,0.05436,0.01113,0.1127,0.00138,0.0,0.00484,0.08675,0.07151,0.30041,0.02138,0.00757,0.00805,0.00094,0.07999,0.01212,0.00973,0.00866,0.04087,0.00368,0.00289,0.03272,0.08372,0.0,0.0,0.02509,0.00672,4e-05,0.89707,0.0,0.00287,2.80536,0.1942,0.0,0.47478,0.0,0.0,0.13674,0.0,1
MSM_051_MPX081,0.0,0.0,0.0,0.0,7.17266,46.07657,0.0,0.0,0.0,0.0,0.0,0.0,0.0,0.0,0.0,0.0,0.0,0.0,0.0,0.0,0.0,0.0,0.0,0.0,0.0,0.0,0.0,0.0,0.22527,0.0,0.0,0.0,0.0,0.0,0.15028,0.0,2.873,0.0,0.39647,0.0,0.0,0.15793,0.0,0.0,0.0,0.57251,0.04778,0.0,0.0,0.03406,0.0,0.0,0.33037,0.20636,0.0,0.0,0.0,0.19617,0.0,0.55596,0.0,0.12364,0.0,0.0019,0.21921,0.02699,0.0,0.09992,0.0,0.0,0.0,0.0,0.92368,0.0,0.0,0.0,0.01259,0.0,0.0,0.00549,3.62246,0.04093,0.0,0.02404,0.0,0.0,0.0,0.0,0.41942,0.25542,0.0,0.10974,12.86662,0.0,0.02678,0.0,0.0,0.0,0.06185,0.02916,0.01956,0.07083,0.0,0.04688,0.0,0.0,0.0,0.0,0.0,0.0,0.0,0.0,0.0,1.78624,0.0,0.0,0.00134,0.0,0.0,0.08297,0.0,0.0,0.10499,0.0,0.0,0.23922,0.0,0.02682,0.92566,0.01866,0.0,0.0,0.02521,0.9031,0.0,0.04794,0.0,0.0,0.0,0.06173,0.34179,0.01475,0.0,0.04573,0.0,0.0,0.0,0.0,0.0117,0.0,0.0,0.0,0.0,0.0,0.0,0.0,0.0,0.0,0.28615,0.0,0.11556,0.0,0.0,0.0,0.05429,0.0,0.0,0.00645,0.0,0.0,0.11659,0.0,0.0,0.44136,0.0,0.0,0.0,0.0,0.0015,0.0,0.0,0.0,0.0,0.0,0.0,0.0,0.0,0.0,0.0,0.05626,0.0,0.0,0.0,0.0,0.01048,0.0,0.0018,0.00348,0.0,0.01267,0.0,0.0,0.01314,0.02083,0.0,0.0183,0.0,0.0,0.0,0.0,0.0,0.0,0.0,0.05187,0.0,0.0,0.0,0.0,0.0,0.0,0.0,0.0,0.0,0.0,0.0,0.0,0.0,0.0,0.0,0.05123,0.0,0.0,0.23438,0.0,0.0,0.0,0.0,0.0,0.0,0.0,0.0,0.0,0.0,0.0,0.00304,0.0,0.0,0.0,0.07988,0.00271,0.12495,0.0,1.215,0.0,0.0,0.0,0.00307,0.0,0.01283,0.0,0.0,0.0,0.0,0.0,0.0,0.0,0.0,0.0,0.0,0.0,0.00115,0.0,0.0,0.0,0.0,0.47632,0.0,0.0,0.0,0.02497,0.01375,0.0,1.21332,1.56807,0.0,0.0,0.0,0.03654,0.00765,0.0,0.0,0.00252,0.0,0.0,0.0,0.0,0.00238,0.0,0.13155,0.00156,0.0,0.0,0.0,0.0,0.00241,0.0,0.01154,0.00465,0.0,0.06442,0.0,0.0,0.00021,0.00166,0.0,0.0,0.0015,0.0,0.0,0.01635,0.00286,0.27467,0.0,0.0,0.0,0.0,0.0,0.0,0.0,0.00414,0.15008,0.0,0.0,0.04935,0.0,0.0,0.0,0.0161,0.0,0.0,7.6375,0.0,0.0,0.0,0.0,0.0,0.01629,0.0,0.0,0.06877,0.0,0.0,0.0,0.0,0.0,0.01133,0.0,0.0,0.0,0.0,0.0,0.0,0.0,0.0,0.0,0.0,0.0,0.0,0.0,0.0,0.0,0.0,0.0,0.0,0.13414,0.0,0.0,0.0,0.0,0.0,0.0,0.0,0.0,0.0,0.0,0.0,0.0,0.0,0.0,0.0,0.0,0.0,0.0,0.0,0.0,0.0,0.0,0.0,0.0,0.0,0.0,0.0,0.0,0.0,0.0,0.0,0.0,0.0,0.0,0.0,0.0,0.0,0.0,0.0,0.0,0.0,0.0,0.0,0.0,0.0,0.0,0.0,0.0,0.0,0.0,0.0,0.0,0.0,0.0,0.00184,0.0,0.0,0.0,0.0,0.0,0.0,0.0,0.0,0.0,0.0,0.0,0.0,0.0,0.01677,1
MSM_L2_E3,0.0,0.56741,2.8447,2.25495,0.0,0.98194,0.0,0.0,1.99104,0.2991,0.0,0.8739,0.26262,0.39673,0.39825,3.69787,2.18964,2.05994,0.7422,0.05209,0.0,0.0,0.19438,0.08836,1.74551,0.0,0.0,0.01808,0.41007,0.0,1.97674,0.08644,0.0,0.0,0.00278,0.0298,0.21935,0.5598,0.0,0.37792,0.0,0.09209,0.26379,0.0,0.0,0.026,0.0,0.0,0.0,0.03336,0.94461,0.69341,0.00554,1.39563,0.20862,0.014,0.09083,0.0247,0.16814,0.50566,0.01314,0.0,0.0,0.21526,0.10712,0.0,0.0277,0.03744,0.0,2.43698,0.73458,0.02002,0.22035,0.02952,0.0,0.0,0.21171,0.00312,0.0,0.17749,0.07681,0.0058,0.22381,0.0,0.09795,0.0,0.0,0.0,0.06843,0.02083,0.0,0.07624,1.59337,0.03348,0.01305,0.0,0.02402,0.0,0.00487,0.00591,0.01196,0.0,0.0,0.02812,0.0,0.00798,1.35609,0.08923,0.0,0.07352,0.00714,0.10659,0.05533,0.36663,0.02058,0.00576,0.0,0.05924,0.17014,0.0112,0.17635,0.10364,0.09617,0.00258,0.35352,1.16621,0.0,0.02004,0.0,0.0,0.11118,0.05572,0.19262,0.01188,0.08211,0.08639,0.00891,0.0,0.00412,0.02216,0.0002,0.0,2.16658,0.00086,0.00624,0.0,0.0,0.00762,0.0,0.0,0.07943,0.17432,0.37964,0.007,0.0,0.0,0.0,0.00778,1.9751,0.0,0.02565,0.0,0.0,0.0,0.0,0.0,0.03923,0.02057,0.04256,0.22819,0.20725,0.00243,0.00806,0.0,0.01631,0.032,0.07814,0.00324,0.01989,0.00214,0.0,0.05554,0.00774,0.0,0.03619,0.00524,0.0,0.04906,0.0,0.05162,0.04198,0.0,0.00513,0.00069,0.0,0.02525,0.00358,0.02087,0.50899,0.0,0.08144,1.24557,0.0007,0.0,0.0,0.0,0.02114,0.0,0.00124,0.0,0.0,0.00317,0.09109,0.01019,0.07521,0.01361,0.74784,0.20046,0.0,1.12575,1.55929,0.0,0.51271,1.4409,0.0,10.16574,0.26212,0.0,0.43115,0.0,0.0,0.0,0.1193,0.0,0.8341,0.0,0.0,0.0,0.0,0.0,0.0,0.00841,0.02571,0.015,0.0,0.08916,0.55295,0.01929,0.0,0.0247,0.0,0.38829,0.0,0.00261,0.02106,0.0,0.0,0.0,0.0,0.0391,0.0588,0.0,0.14154,0.00854,0.02817,0.0,0.0,0.0,0.00185,0.00897,0.00053,0.00928,0.01007,0.00052,0.0,0.0,0.0,0.07656,0.0,0.0,0.0,0.0,0.02547,0.0,0.0,0.0,0.0,0.0,0.005,0.09987,0.04946,0.0,0.0,0.0,0.0,0.0,0.0,0.0,0.0,0.0,0.0,0.01082,0.0,0.02278,0.0,0.0,0.00511,0.0,0.0,0.0,0.0,0.00383,0.00166,0.00194,0.0,0.0,0.0,0.0,0.0,0.0,0.00933,0.20122,0.0,0.0,0.0,0.0,0.0,0.0,0.0,0.0,0.0,0.0,0.0,0.0,0.0,0.0,0.0,0.02765,0.35711,0.0,0.0,0.0,0.0,2.29574,0.0,0.0,0.91548,0.0,1.65345,0.0,0.0,0.0109,0.13323,0.09191,0.0,0.0,0.04602,0.0,0.01467,0.05535,0.0,0.00829,0.0,0.0,0.0,0.0,0.0,0.11792,0.0,0.0,0.0,0.0,0.0,0.0,0.0,0.00113,0.0,0.01329,0.0,1.80824,0.0,0.0,0.02025,0.44416,0.0,0.0,0.17218,0.0,0.0,0.04608,0.0,0.0,0.0,11.61143,0.0,0.20626,0.0,0.0,0.58841,0.0,0.0,0.03658,0.0086,0.0,0.0,0.28164,0.0,0.0,0.15325,0.02765,1.58661,0.03017,0.0,0.50338,0.02221,0.0,0.13251,0.04687,0.00146,0.16795,0.38284,0.0,0.02129,0.0,0.0,0.05775,0.0,0.0,0.0,0.0002,0.01457,0.0,0.81916,0.0,0.0,0.05191,0.0,0.63367,0.0,0.0,0.0,0.00784,0.0,0.0,1
KHK25,0.0,0.0,0.54646,0.0,0.0,17.15181,0.0,0.0,0.0,0.0,0.0,0.0,0.27148,0.0,0.0,0.33093,0.0,1.17803,0.0,0.44646,0.0,0.0,0.59079,0.06018,0.74841,0.0,0.0,1.17208,0.23145,0.0,0.0,0.335,0.0,0.0,0.27407,0.04617,1.75401,0.0,1.00247,0.0,0.0,0.00251,0.0,0.0,2.45536,0.0698,0.02564,0.0,0.25426,0.01919,0.36526,0.0,0.16389,0.21552,0.29803,2.00725,0.0,0.02165,0.0,1.11149,0.36936,0.04422,0.0,0.35672,0.17779,0.0,0.02747,0.52223,0.0,0.0,0.27591,0.0158,1.33853,0.0,0.0,0.05865,0.29233,0.08128,0.0,0.29603,0.0,0.0,0.0,0.05468,0.0,0.05601,0.0,1.17475,0.38017,0.05498,0.68956,0.0,0.0,0.00909,0.0,0.0,0.06493,0.31083,0.0,0.30684,0.07806,0.0103,0.0,0.10226,0.0,0.02245,0.0,0.0,0.0,0.49524,0.07667,0.24339,0.04974,0.0,0.20467,0.08036,0.0,0.0,0.0,0.27178,0.0,0.68816,0.12642,0.8429,0.0,1.57213,0.0,0.04965,0.63284,0.0351,0.2621,0.03919,0.0593,0.04185,0.38822,0.0,0.0,0.03514,0.04591,0.11491,0.23122,0.00368,0.79107,0.02041,0.00992,0.0,0.0,0.03528,0.00874,0.0,0.0,0.0,0.0,0.20577,0.0,0.0,0.0,0.29773,0.00625,0.0,2.57592,0.0,0.0,0.0,0.2951,0.44561,0.0,0.04059,0.0594,0.0,0.29388,0.03586,0.0,0.05948,0.0,0.00195,0.0,0.0,0.02121,0.00019,0.02619,0.01831,0.00083,0.0,0.00945,0.02466,0.0,0.0,0.01157,0.02693,0.0,0.15213,0.03897,0.0,0.01527,0.0,0.05165,0.01544,0.0,0.0,0.0,0.34316,0.00386,0.0,0.43848,0.05107,0.0,0.0,0.01339,0.00669,0.0,0.00787,0.32612,0.11948,0.0,0.0,0.0,0.0,0.0,0.0,0.0,1.10778,0.10968,0.0,0.0,0.0,0.0,0.00238,0.0,0.15955,0.0,0.0,0.0,0.0,0.90938,0.0,0.0,0.0,0.0,0.0,0.0,0.04032,0.0,0.0,0.0,0.0,0.0,0.02568,0.0,0.0,0.02133,1.24617,1.67855,0.0072,0.0,0.0,0.0,0.53646,0.00052,0.0,0.12535,0.17283,0.0,0.0004,0.01266,0.05539,0.03481,0.0,0.0,0.00481,0.00185,0.0,0.0,0.0,0.0,0.0,0.05799,0.0,0.05751,0.0,0.03057,0.0,0.58257,0.0,0.60044,0.0,0.0,0.0,0.10248,0.06354,0.0,0.0,0.0,0.0,0.01101,0.03257,0.0,0.0095,0.0,0.20218,0.01751,0.01005,0.0,0.02367,0.0,0.0,0.0,0.25324,2.10003,0.01848,0.09696,0.00424,0.01718,0.01993,0.02403,0.00148,0.00775,0.0,0.0,0.0,0.0,0.17884,0.01664,0.11438,0.0,0.0008,0.0,0.0,0.13493,0.0063,0.0,0.03892,0.0,0.0,0.03016,0.0,0.0,0.02103,0.0505,0.0,4.51149,3.41505,2.46306,0.80023,0.72901,0.61558,0.38698,0.26204,0.14414,0.11665,0.09529,0.09366,0.09345,0.08427,0.07671,0.06079,0.06015,0.04657,0.04461,0.03954,0.02493,0.02007,0.01864,0.01417,0.01252,0.01144,0.00684,0.00622,0.00471,0.00426,0.00387,0.0,0.0,0.0,0.0,0.0,0.0,0.0,0.0,0.0,0.0,0.0,0.0,0.0,0.0,0.0,0.0,0.0,0.0,0.0,0.0,0.0,0.0,0.0,0.0,0.0,0.0,0.0,0.0,0.0,0.0,0.0,0.0,0.0,0.0,0.0,0.0,0.0,0.0,0.0,0.0,0.0,0.0,0.0,0.0,0.0,0.0,0.0,0.0,0.0,0.0,0.0,0.0,0.0,0.0,0.0,0.0,0.0,0.0,0.0,0.0,0.0,0.0,0.0,0.0,0.0,0.0,0.0,0.0,0.0,0.0,0.0,0.0,0.0,1
MSM_L1_B10,1.28354,0.0,6.98497,0.0,0.39563,9.78702,0.19326,0.0,3.07216,0.0,0.0,4.47776,0.02634,0.98075,0.0,5.37592,0.0,1.60536,0.0,0.737,1.681,0.0,0.386,0.0,0.00449,6.06971,0.01755,4.12394,0.15573,0.0,0.0,0.0,0.0,0.0,0.82811,0.08659,2.31117,0.34692,0.01928,0.0,0.0,0.04341,0.0,0.0,0.0,1.58142,0.20434,0.0,0.0,0.40913,0.16289,0.0,0.63251,1.96386,4.08916,0.54515,0.0,0.0,0.0,0.63712,0.31081,0.02388,0.0,0.0,0.23064,0.00534,0.38523,0.72229,0.0,0.0,2.18397,0.65501,0.22746,0.07766,0.0,0.02577,0.39716,0.0,0.33881,0.04674,0.42307,0.0,0.03541,0.01621,0.0,0.0,0.0,0.0,0.05675,0.00356,0.01274,0.06108,1.65668,0.03378,0.05178,0.0,0.05791,0.0,0.16761,0.03668,0.0,0.00784,0.01942,0.02457,0.0,0.015,0.0,0.0,0.0,0.30811,0.03659,0.0,0.01562,0.0,0.06483,0.0491,0.03806,0.0,0.01094,0.0,0.44026,0.4883,0.16978,0.02664,0.05631,0.4813,0.0,0.0067,0.02145,0.00263,0.02473,0.09311,0.16979,0.09047,2.93786,0.22176,0.21712,0.0,0.2859,0.03626,0.00469,0.01281,0.53497,0.0103,0.0772,0.0,3.77207,0.09157,0.0031,0.0089,0.0,0.0,0.0,0.0,0.0,0.0,0.00438,0.00552,0.00351,0.0,0.56642,0.0,0.0,0.00847,0.0,0.17889,0.0756,0.06104,0.03438,0.0,0.45011,0.0,0.0,0.20216,0.0,0.03408,0.0,0.0,0.02844,0.0,0.00368,0.16985,0.01352,3.3905,0.06769,0.01237,0.02124,0.0,0.07963,0.03669,0.04031,0.05481,0.03776,0.24313,0.01108,0.00189,0.17678,0.07602,0.0,0.0,0.0,0.21511,0.02121,0.0,0.2732,0.14366,0.0,0.0,0.04491,0.0,0.0,0.0,0.73439,0.13311,0.21845,0.01036,0.0,0.0,0.0,0.0,0.0,0.0,0.11958,0.0,0.0,0.0,0.0,0.0,0.0,0.05663,0.0,0.0,0.17774,0.0,0.13645,3.13791,0.0,0.0,0.0,0.08831,0.07274,0.0,0.0,0.0,0.0,0.01379,0.0,0.00143,0.04776,0.0,0.0,0.0,0.09287,0.0,0.0,0.03297,0.0,0.00214,0.0,0.03323,0.0,0.0,0.0,0.0,0.0,0.01884,0.0,0.00113,0.00995,0.09346,0.00352,0.76488,0.0,0.01261,0.0,0.09846,0.0,0.0,0.00239,0.0,0.00424,0.0,0.00639,0.0,0.0,0.0,0.53694,0.0,0.0,0.61545,0.0,0.07961,0.0,0.05549,0.00096,0.0,0.0,0.11757,0.0,0.0,0.0,0.0,0.05414,0.0,0.0,0.0,0.0,0.01203,0.01186,0.0,0.0,0.00873,0.00939,0.0,0.0,0.00853,0.00107,0.0,0.0,0.00927,0.00694,0.04043,0.00267,0.0,0.0,0.0,0.01956,0.0,0.0,0.0,0.01339,0.0,0.01271,0.0,0.07582,0.00335,0.0419,0.0,0.44127,0.0,0.0,0.00241,0.0,0.03026,0.65195,0.25597,0.22325,0.12284,0.0,0.0,0.32697,0.0,0.0,0.0,0.0,0.0,0.0,0.0,0.0,0.0,0.0,0.13744,0.0,0.0,0.07984,0.01892,0.08066,0.0,0.00551,0.0,0.0,0.38009,0.0,0.0,0.0,0.0,0.0,0.0,0.0213,0.0,0.0,0.0,0.0,0.54236,0.0,0.0,0.01815,0.0,0.0,0.0,0.0,0.0,0.0,0.0,0.0,0.0,0.09567,0.04358,0.02177,0.0,0.00423,0.0,0.0,0.0,0.0,0.0,0.0,0.0,0.0,0.0,0.0,0.0,0.0,0.0,0.0,0.0,0.0,0.0,0.0,0.0,0.0,0.0,0.0,0.0,0.0,0.0,0.0,0.0,0.0,0.0,0.0,0.0,0.0,0.0,0.0,0.0,0.0,0.0,0.0,0.0,0.0,0.0,0.0,0.0,1
MSM_L2_B11,5.65597,0.0,1.55252,0.0,0.0,6.52434,0.0,0.0,0.0,0.0,2.38258,0.00929,3.72037,1.00822,0.0,0.0,0.0,0.0,0.0,0.42092,0.0,0.53718,0.14876,0.33908,0.00253,0.0,0.0,0.21564,3.69155,1.37673,7.65665,0.0,0.0,0.0,0.57919,0.14634,0.02173,0.0,0.0,0.0,0.13356,0.35791,0.0,0.0,0.00284,0.0,0.0,0.38413,0.0,0.04634,0.24542,0.0,0.60005,1.54466,0.0,0.0,0.40163,0.55634,0.0,0.23211,0.17544,0.12683,0.0,0.13116,0.18578,0.10942,0.0,0.94488,0.0,0.0,0.36899,0.02904,0.25478,0.0,0.0,0.15449,0.02278,0.0,0.0,0.23422,0.01001,0.0,0.0,0.0,0.0,0.02602,0.0,0.1092,0.21349,0.01297,0.0,0.2109,0.0,0.0,0.0,0.56242,0.03488,0.04642,0.06149,0.09792,0.0,0.04083,0.01368,0.04581,0.0,0.0878,0.0,0.0,0.0,0.01115,0.01777,0.12799,0.07724,0.0,0.15091,0.07082,0.02308,0.06881,0.37941,0.0554,0.11644,0.2724,0.23719,0.97584,0.0,0.37533,0.0,0.09494,0.30062,0.00943,0.46554,0.01099,0.02157,0.06131,2.22586,0.0,0.0494,0.25381,0.01084,0.03609,0.03697,0.00237,0.49574,0.01674,0.06378,0.0,3.91424,0.18055,0.05065,0.35823,0.34576,0.19229,0.01821,0.04221,0.0,0.0,0.1009,0.00271,1.78459,0.0,0.14108,0.0,0.07527,0.00398,0.10542,0.18169,0.01909,0.04513,0.1096,0.04533,0.04916,0.00364,0.13573,0.02991,0.0,0.0742,0.0,0.01426,0.002,0.0,0.00597,0.0017,0.0,0.22845,0.0,0.00035,0.11213,0.13001,0.0404,0.0672,0.0,0.02832,0.05839,0.0,0.0,0.0,0.00448,0.03059,0.40696,0.00557,0.0,0.50568,0.00272,0.00647,0.01993,0.01676,0.07212,0.00129,0.00826,0.0,0.0,0.00968,0.0,0.73194,0.20819,0.0,0.20814,0.0,0.0,1.44594,3.70771,0.75439,0.79203,0.0,0.0,0.2803,0.0,0.0,0.03091,0.75279,0.0,0.0,0.0,0.0,0.03397,0.0,0.0,0.0,0.0,0.99481,0.0,0.08375,0.0,0.0,0.01269,0.07949,0.0,0.00446,0.0598,0.03629,0.0,0.31515,0.05476,0.0144,0.18773,0.0,0.0,0.0,0.06632,0.0,0.04514,0.01877,0.0,0.01232,0.03461,0.01023,0.09973,0.0,0.0,0.0,0.00165,0.10473,0.01556,0.02119,0.0,0.0,0.0,0.0,0.0,0.0,0.00781,0.0,0.02982,0.07628,0.0,0.0,0.0,0.0,0.0,0.01596,0.0,0.0,0.0,0.0,0.03198,0.43997,0.0183,0.02776,0.0,0.06009,0.6428,0.0,0.0,0.00086,0.0,0.0,0.01994,0.0,0.0,0.0,0.0242,0.02207,0.01458,0.0,0.10359,0.0,0.00543,0.0,0.0,6e-05,0.0,0.00407,0.00111,0.0,0.0,0.0,0.0,0.0,0.0,0.0,0.0,0.02526,0.0,0.0,0.02306,0.0,0.0,0.0,0.23249,0.0,7.31496,0.0,0.00405,0.17983,0.0,0.34954,0.02127,0.05308,0.49569,0.0,0.0,0.0,0.0,0.00017,0.0,0.0,0.0,0.0,0.0,0.0,0.0,0.43762,0.0,0.0,0.04657,0.0,0.0,0.0,0.02501,0.03129,0.01197,0.0,1.95338,0.0,0.0,0.0,0.14549,0.05685,0.0,0.0,0.51941,0.0,0.0,1.69139,0.0,0.0,1.03699,3.94728,0.0767,0.0,0.0,0.0,0.03785,0.0116,0.0,0.06477,0.0,0.0,0.00677,0.0,0.00084,0.0,0.0831,0.0,0.0,0.0,0.05647,0.01499,0.0,0.08641,0.0,0.0,0.0,0.0,0.0,0.0,0.14193,0.03454,0.0,0.0,0.0,0.05552,0.06052,0.0,0.0401,0.0,0.0,0.0,0.0,0.03276,0.0,0.0,0.0,0.0,0.0,0.0,0.0,0.0,0.0,0.0,0.0,0.0,0.0,0.0,1
KHK4,2.14264,0.8678,5.32644,3.70306,0.0,2.51402,0.42914,0.01316,2.10253,5.48197,1.75144,0.0,0.09572,0.77151,0.1119,1.294,1.82005,1.98511,0.2587,0.27869,0.0,0.27435,0.19624,0.02232,0.12433,0.0,0.17377,0.58912,0.0,0.37169,0.26343,0.0,0.0,0.0,0.0,0.01177,1.38661,0.0,0.27255,0.0,0.0,0.0,0.72139,0.0,0.0,0.52077,0.36957,0.0,0.0,0.23845,0.30902,0.19095,0.03169,0.22124,0.99861,0.07033,0.0,0.00529,0.79949,0.08048,0.09951,0.01209,0.0,0.46149,0.85595,0.00423,0.0,0.08052,0.0,0.28636,3.36939,0.04137,0.04899,0.0,0.0,0.18718,0.30058,0.01372,0.0,0.29596,0.00757,0.16068,0.23292,0.36445,0.0,0.0,0.0,0.0,0.17359,0.31389,0.0,0.03926,0.15026,0.01876,0.06237,4.38771,0.00485,0.0,0.20385,0.00065,0.1184,0.34555,0.0,0.05967,0.0,0.07075,0.00325,0.0,0.0,0.41717,0.00876,0.15101,0.07098,0.53978,0.04405,0.0,0.0,0.0,0.08449,0.0,0.34869,0.28902,0.01989,0.14193,0.0,0.0353,0.0,0.03259,0.0,0.0324,0.0,0.05336,0.3031,0.04379,0.60842,0.0,0.05089,0.00022,0.0,0.03846,0.18878,0.0103,0.39125,1.95444,0.05479,0.0,0.0,0.01256,0.0325,0.0,0.0,0.0,0.0,0.0,0.0,0.0,0.0,0.0,0.35537,0.0,0.50826,0.0,0.0,0.00869,0.00412,0.08233,0.04457,0.02533,0.01709,0.0,0.00806,0.0,0.0,0.21993,0.00386,0.07469,0.18408,0.0,0.01395,0.0,0.00227,0.10454,0.0345,0.0,0.0,0.05084,0.18521,0.0,0.21349,0.02939,0.00133,2.19396,0.0,0.0,0.05278,0.0,0.00062,0.01632,0.0,0.0,0.0,0.04235,0.00648,0.0,0.28704,0.04491,0.02974,0.0,0.00587,0.00466,0.0,0.06459,0.00112,0.02845,0.00541,0.0,0.0,0.0,0.0,0.0,11.86905,0.0,0.09537,0.0,0.0,0.0,0.0,0.0,0.03682,0.51442,0.0,0.0,0.0,3.84281,0.18482,0.0,0.0,0.0,0.0,1.92527,0.91134,0.0,0.01311,0.0,0.0,0.0,0.48095,0.30936,0.00216,0.00396,0.0,0.00661,0.06153,0.02107,0.00845,0.0,0.0,0.08375,0.0,0.0,0.03739,0.10422,0.0,0.00385,0.00333,0.01311,0.0,0.008,0.0048,0.0,0.01608,0.0,0.0,0.00054,3.39066,0.0,0.0,1.95611,0.0,0.04841,0.0,0.0,0.0,1.56554,0.0,0.0,0.0,0.0361,0.01214,0.27741,0.03514,0.0,0.0,0.0,0.0,0.01623,0.0,0.0,0.0,0.0,0.0,0.0,0.0,0.0,0.0,0.0,0.00465,0.0,0.0,0.0,0.0,0.0,0.00267,0.0,0.0646,0.0,0.00134,0.0,0.0,0.0,0.15072,0.03796,0.0,0.0,0.0,0.00885,0.0,0.0,0.0003,0.0,0.00876,0.0,0.00745,0.0,0.0,0.0,0.03695,0.0,0.04182,0.0,0.0,4.95607,0.00233,0.13834,0.0,0.0,0.0,0.0,0.0,0.0,0.0,0.0,0.0,0.0,0.0,0.0,0.0,0.04228,0.0307,0.0,0.03436,0.00667,0.01913,0.0,0.0,0.0,0.0,0.00862,0.0,0.0,0.0,0.0,0.0,0.0,0.0,0.25181,0.0,0.0,0.0,0.91243,0.0,0.0,0.0,0.0,0.0,0.03676,0.00466,0.0,0.0,0.0,0.0,0.0,0.0071,0.0,0.01184,0.0,0.0,0.00163,0.00039,0.0,0.0021,0.02761,0.0,0.0,0.0,0.0,0.0,0.0,0.0,0.0,0.0,0.10701,0.0,0.0,0.0,0.0,0.0,0.0,0.0,0.0,0.0,0.0,0.0,0.0,0.0,0.0,0.0,0.0,0.0,0.0,0.0,0.0,0.21101,0.12313,0.102,0.00952,0.0,0.0,0.0,0.0,0.0,0.0,0.0,0.0,0
KHK1,11.8262,7.39978,6.58166,3.81293,3.66016,3.63207,3.57602,3.39585,3.36833,3.15634,2.76158,2.30541,1.95654,1.5262,1.49148,1.44295,1.33484,1.29425,1.21026,1.10964,1.07884,1.02792,0.92825,0.9069,0.89406,0.8597,0.82288,0.72313,0.69922,0.69172,0.65342,0.64433,0.6399,0.61758,0.57631,0.54486,0.54113,0.48357,0.45473,0.45364,0.44245,0.43699,0.42346,0.42266,0.42122,0.41805,0.41593,0.41344,0.41086,0.39535,0.38775,0.38551,0.37694,0.31648,0.31385,0.31223,0.30885,0.30483,0.29121,0.28958,0.26696,0.26124,0.25612,0.23913,0.23282,0.22683,0.2264,0.22595,0.22569,0.21569,0.20113,0.19979,0.19218,0.1844,0.17726,0.1745,0.16753,0.16463,0.16445,0.16296,0.1612,0.15284,0.13469,0.13291,0.13096,0.11943,0.11608,0.11508,0.11354,0.11343,0.11141,0.10925,0.1055,0.09912,0.09777,0.09341,0.09001,0.08601,0.08571,0.08553,0.08543,0.08361,0.08356,0.08346,0.08093,0.07824,0.07602,0.07334,0.07165,0.07021,0.06946,0.06894,0.06849,0.0684,0.06835,0.06707,0.06696,0.06655,0.06619,0.0622,0.05751,0.05728,0.05724,0.05342,0.05326,0.04883,0.04685,0.04457,0.04317,0.04273,0.04255,0.04154,0.04136,0.04106,0.03847,0.03754,0.03611,0.03606,0.03544,0.03414,0.03397,0.03069,0.02731,0.02629,0.02563,0.02555,0.02535,0.02535,0.02523,0.02507,0.02484,0.02429,0.02411,0.02375,0.02152,0.02118,0.02011,0.01986,0.01981,0.01921,0.01802,0.01652,0.01621,0.01482,0.01405,0.01399,0.01362,0.01339,0.01335,0.01329,0.01289,0.01223,0.01193,0.01072,0.01049,0.01047,0.0102,0.01011,0.00988,0.00986,0.00973,0.00949,0.00899,0.00864,0.00836,0.00791,0.00739,0.00673,0.00663,0.00659,0.00586,0.00581,0.00578,0.00527,0.00522,0.00491,0.00442,0.00433,0.00401,0.0036,0.00336,0.00305,0.00255,0.00188,0.00174,0.0015,0.00145,0.00143,0.00113,0.00069,0.00067,0.00066,0.00031,0.00027,9e-05,8e-05,0.0,0.0,0.0,0.0,0.0,0.0,0.0,0.0,0.0,0.0,0.0,0.0,0.0,0.0,0.0,0.0,0.0,0.0,0.0,0.0,0.0,0.0,0.0,0.0,0.0,0.0,0.0,0.0,0.0,0.0,0.0,0.0,0.0,0.0,0.0,0.0,0.0,0.0,0.0,0.0,0.0,0.0,0.0,0.0,0.0,0.0,0.0,0.0,0.0,0.0,0.0,0.0,0.0,0.0,0.0,0.0,0.0,0.0,0.0,0.0,0.0,0.0,0.0,0.0,0.0,0.0,0.0,0.0,0.0,0.0,0.0,0.0,0.0,0.0,0.0,0.0,0.0,0.0,0.0,0.0,0.0,0.0,0.0,0.0,0.0,0.0,0.0,0.0,0.0,0.0,0.0,0.0,0.0,0.0,0.0,0.0,0.0,0.0,0.0,0.0,0.0,0.0,0.0,0.0,0.0,0.0,0.0,0.0,0.0,0.0,0.0,0.0,0.0,0.0,0.0,0.0,0.0,0.0,0.0,0.0,0.0,0.0,0.0,0.0,0.0,0.0,0.0,0.0,0.0,0.0,0.0,0.0,0.0,0.0,0.0,0.0,0.0,0.0,0.0,0.0,0.0,0.0,0.0,0.0,0.0,0.0,0.0,0.0,0.0,0.0,0.0,0.0,0.0,0.0,0.0,0.0,0.0,0.0,0.0,0.0,0.0,0.0,0.0,0.0,0.0,0.0,0.0,0.0,0.0,0.0,0.0,0.0,0.0,0.0,0.0,0.0,0.0,0.0,0.0,0.0,0.0,0.0,0.0,0.0,0.0,0.0,0.0,0.0,0.0,0.0,0.0,0.0,0.0,0.0,0.0,0.0,0.0,0.0,0.0,0.0,0.0,0.0,0.0,0.0,0.0,0.0,0.0,0.0,0.0,0.0,0.0,0.0,0.0,0.0,0.0,0.0,0.0,0.0,0.0,0.0,0.0,0.0,0.0,0.0,0.0,0.0,0.0,0.0,0
KHK51,0.28252,0.29408,2.86941,0.04718,0.0,6.37579,0.0,0.38065,1.41124,3.17708,1.20104,0.04618,1.52868,0.38336,0.10095,0.34877,1.29941,0.47098,0.712,0.15943,0.1173,0.25847,0.01309,0.16074,0.05645,9.61973,0.00387,0.50506,0.11704,0.15027,1.49484,0.0,0.02496,0.14378,0.85502,0.06314,0.02638,0.30923,0.0,0.0,0.0,0.01247,0.02258,0.92236,0.0,0.05577,0.27289,0.00798,2.72003,0.33115,0.35256,0.0,0.66368,1.77501,1.19316,0.37081,0.0,0.01407,0.03603,0.14699,0.03438,0.02466,0.0,0.02843,0.024,0.0,0.15078,6.96284,1.05336,0.0,0.14377,0.06526,0.00835,0.0639,0.0,0.13688,0.34143,0.00937,0.26294,0.02453,0.33313,0.17329,0.04236,0.01337,0.03263,0.02796,0.38842,0.0,0.03468,0.5782,0.0,0.00968,3.019,0.10445,0.00703,0.00309,0.0145,0.01414,0.04612,0.00845,0.00205,0.00158,0.06896,0.0,0.01596,0.14277,0.24695,0.30151,0.05673,0.26029,0.03364,0.00489,0.04477,2.4154,0.13559,0.06805,0.0,0.29825,0.01935,0.79631,0.25618,0.19663,0.25205,0.04751,0.11254,0.39935,0.0,0.01306,0.0,0.00109,0.20534,0.02025,0.06735,0.0552,0.72825,1.60834,0.05145,0.10903,0.04371,0.06313,0.0,0.01165,1.47062,0.001,0.00774,0.0,0.49546,0.02582,0.01045,0.17621,0.0734,0.09322,0.4172,0.02893,0.0,0.0,0.0,0.05185,0.04265,0.0,0.07432,0.00642,0.00267,0.0,0.0,0.18447,0.01194,0.01338,0.0256,1.43021,0.03412,0.0,0.0,0.00213,0.00795,0.0565,0.44912,0.01038,0.00951,0.01412,0.00067,0.01093,0.00088,0.00865,0.03286,0.03098,0.01917,0.67972,0.00824,0.01701,0.0,0.0,0.00437,0.39015,0.01494,0.01709,0.04186,0.04768,0.0,0.00423,0.01743,0.14911,0.0,0.0,0.0,0.10686,0.0,0.0,0.02126,0.09964,0.00132,0.00488,0.02625,0.05982,0.10375,0.00769,0.31497,0.0,0.0,0.15836,0.87042,0.89731,0.09154,0.0,0.0,0.0,0.15364,0.07131,0.01628,0.14791,0.19187,0.0,0.37832,0.0,0.4387,2.09135,0.00753,0.00805,0.06486,0.14704,0.0,0.00984,0.02962,0.0,0.0,0.01369,0.0,0.00133,0.0,0.02038,0.0,0.02203,0.0,0.00203,0.08785,0.0,0.0,0.00212,0.0,0.03161,0.00653,0.03498,0.0,0.01682,0.0,0.01048,0.0166,0.00781,0.01196,0.01364,0.00448,0.0,0.00078,0.05,0.4687,0.0,0.0,0.67449,0.77343,0.0,0.00014,0.0,0.03141,0.0,0.0,0.0803,0.0,0.0,0.0,0.0,0.03659,0.0,0.0,0.0,0.01579,0.0,0.00357,0.10655,0.0,0.0,0.33236,0.0,0.0,0.00482,0.0,0.03925,0.00465,0.0,0.0,0.00318,0.0,0.00038,0.00149,0.11464,0.0,0.0,0.005,0.0,0.0,0.00412,0.01644,0.00786,0.0,0.0,0.00134,0.0,0.0,0.0,0.0,0.0,0.0,0.0,0.03231,0.0,0.08426,0.0,0.0,0.02455,0.14596,0.0,0.0,0.0,0.72116,0.0,0.00688,0.02649,0.0,0.0,0.0,0.0,0.0,0.0,0.0457,0.0,0.0,0.0,0.14726,0.00127,0.0455,0.00131,0.00163,0.02988,0.0,0.02957,0.00303,0.00046,0.00204,0.01725,0.0,0.00165,0.03348,0.0,0.0,0.01274,0.0016,0.0,0.0152,0.3402,0.09181,0.0,0.0,1.22774,0.0,0.00054,0.08101,0.01053,0.0,0.0,0.00603,0.03581,0.0,0.03702,0.0,0.0,0.0,0.0,0.0,0.0,0.0,0.0,0.04929,0.0,0.10446,0.0,0.0,0.0,0.0321,0.0058,0.17714,0.0,0.457,0.0,0.0,0.0,0.62544,0.0,0.0,0.0,0.01043,0.08741,0.04042,0.0089,0.0,0.0,0.04208,0.0,0.0,0.0,0.00654,0.08923,0.0,0.00279,0.0,0.07931,0.05974,0.0,1.96436,0.55501,0.0,3.0992,0.0,0.0,0.0,0.0,0
MSM_L1_A9,0.0,0.0,55.41121,0.0,0.0,0.0,0.0,0.0,0.0,0.0,0.0,0.0,0.0,0.0,0.0,0.0,0.0,0.0,0.0,1.01932,0.0,0.0,0.0,0.0,0.0,0.0,0.0,0.67733,0.00116,0.0,0.0,0.0,0.0,0.0,0.0,0.0,0.22796,0.0,0.0,0.0,0.0,0.00216,0.0,0.0,0.0,0.0,0.0,0.0,0.0,0.00901,0.0,0.0,0.58919,0.38628,0.0,0.0,0.0,0.15641,0.0,0.29314,0.0,0.0,0.0,0.0,0.32895,0.0,0.26139,0.18705,0.0,0.0,4.37029,0.0,2.21517,0.0,0.0,0.0,0.15593,0.0,0.0,0.0,0.64625,0.0,0.0,0.0,0.0,0.0,0.0,0.0,0.0,0.0,0.0,0.0,0.0,0.0,0.02461,0.0,0.02789,0.0,0.0,0.0,0.0,0.33179,0.0,0.21034,0.0,0.0,0.0,0.0,0.0,0.3207,0.03617,0.0,0.0,0.0,0.3094,0.0,0.0,0.0,0.0,0.0,0.07199,0.14205,0.21851,0.0,0.0,1.11315,0.0,0.0,0.0,0.0,0.1786,0.0,0.28861,0.76465,0.01411,0.0,0.0,0.0,0.0,0.0,0.0,0.04724,0.0,0.0,0.01204,0.0,0.0,0.0,0.0,0.0,0.0,0.0,0.0,0.0,0.0,0.0,0.0,0.0,0.0,0.0,0.0,0.0,0.0,0.0,0.0,0.0,0.0,0.0,0.0,0.0,0.01309,0.0,0.0,0.07767,0.45837,0.00339,0.0,0.0,0.0,0.0,0.0,0.32047,0.0,0.0,0.0,0.02554,0.00839,0.0,0.0225,0.0,0.0,0.17205,0.02959,0.0,0.0,0.0,0.04743,0.05422,0.0,0.0,0.0,0.50843,0.0,0.0,0.47299,0.17631,0.0,0.02101,0.00772,0.0,0.0,0.0,0.0,0.52096,0.0,0.0,0.0,0.0,0.0,0.0,0.0,0.0,0.0,0.0,0.0,0.0,0.0,0.0,0.0,0.0,0.0,0.0,0.0,0.0,0.0,0.0,0.0,0.0,0.0,0.0,0.0,0.0,0.0,0.0,0.0,0.0,0.0,0.0,0.00104,0.0,0.0,0.0,0.0,0.0,0.0,0.0,0.0,0.0,0.0,0.0,0.0,0.0,0.0,0.0,0.0,0.15505,0.0,0.07663,0.0,0.0,0.0,0.0,0.0,0.0,0.0,0.0,0.0,0.0,0.02184,0.0,0.0111,0.0,3.47178,0.0,0.0,0.0,0.0,0.0,0.0,0.0,0.0,0.75454,0.0,0.0,0.04813,0.0,0.0,0.0,0.0399,0.0,0.0,0.0,0.0,0.0,0.0,0.0,0.0,0.0,0.91555,0.0,0.0,0.0,0.0,0.0968,0.0,0.01883,0.0,0.0,0.0,0.0,0.14515,0.0,0.0,0.0,0.0,0.0,0.02422,0.01527,0.0,0.0,0.0,0.0,0.0,0.03945,0.0,0.0,0.0,0.05191,0.0,0.0,4.41838,0.0,0.0,0.0,0.0,0.0,0.0,0.0,0.0,0.02326,0.0,0.0,0.0,0.0,0.0,0.0,0.0,0.0,0.0,0.0,0.0,0.0,0.0,0.0,0.0,0.0,0.0,0.0,0.0,0.0,0.0,0.0,0.0,0.0,0.0,0.0,0.0,0.0,0.0,0.0,0.0,0.0,0.0,0.0,0.0,0.0,0.0,0.0,0.0,0.0,0.0,0.0,0.0,0.0,0.0,0.0,0.0,0.0,0.0,0.0,0.0,0.0,0.0,0.0,0.0,0.0,0.0,0.0,0.0,0.0,0.0,0.0,0.0,0.0,0.0,0.0,0.0,0.0,0.0,0.0,0.0,0.0,0.0,0.0,0.0,0.0,0.0,0.0,0.0,0.0,0.0,0.0,0.0,0.0,0.0,0.0,0.0,0.0,0.0,0.0,0.0,0.0,0.0,0.0,0
P013,0.0,0.0,0.0,0.0,0.0,0.0,0.0,0.0,0.0,0.0,0.0,0.0,0.38811,0.0,0.0,0.0,0.0,0.0,0.0,0.10826,0.0,0.0,0.0,0.00771,0.01426,0.0,0.0,0.18932,1.32155,0.0,0.81253,0.0,0.54829,0.0,0.17371,0.0,2.19328,0.0,0.0,0.0,0.0,0.03453,1.10085,0.0,0.0,0.32795,0.0,0.0,0.0,0.01265,0.14677,0.0,0.06004,0.30053,0.0,0.0,0.00377,0.68965,0.0,0.78061,0.05104,0.10326,0.0,0.0088,0.00176,0.0,0.0,1.01215,0.0,0.0,0.32984,0.06355,0.63262,0.0,0.0,0.07097,0.03389,0.0,0.0,0.0,0.14927,0.0,0.0,0.0,0.0,0.00033,0.0,0.0,0.22148,0.01221,0.0,0.0057,0.0,0.0,0.03166,0.0,0.00431,0.0,0.0,0.0,0.0,0.0,0.00396,0.50327,0.0,0.0,0.0,0.0,0.0,0.01967,0.12751,0.01144,0.02674,0.0,0.07388,0.03896,0.0,0.0,0.0,0.61013,0.37735,0.39453,0.19428,0.01826,0.0,0.08929,0.0,0.0,0.0,0.0,0.07763,0.0,0.10071,0.02484,0.40392,0.0,0.0,0.09323,0.0,0.0201,0.08269,0.01861,0.20063,0.0,0.02978,0.0,0.0,0.01972,0.00116,0.07263,0.40587,0.0,0.28559,0.0,0.00035,0.0,0.0,0.0,1.57889,0.0,1.13168,0.0,0.0,0.0,0.05375,0.66711,0.03234,0.00891,0.0218,0.0,0.78372,0.02555,0.0,0.15925,0.01818,0.0,0.67708,0.0,0.0,0.00047,0.0,0.05658,0.0,0.0,0.0,0.01717,0.0,0.30035,0.0,0.01262,0.00105,1.99054,0.00648,0.0,0.0,0.0,0.04691,0.05325,0.0,0.0,0.0,0.06933,0.0,0.0,0.56062,0.0035,0.0,0.0265,1.38563,0.0,0.0,0.0,0.5466,0.12334,0.04534,0.0,0.0,0.20267,0.0,0.0,0.0,0.0,0.47767,0.0,0.0,0.0,0.0,0.0,1.36292,0.04537,0.11465,0.0,0.0,0.0,0.80753,0.0,0.0,0.0,0.0,0.0,0.0,0.03024,0.00697,0.0,0.0,0.06005,0.0,0.00049,0.03454,0.0,0.0,0.14513,1.07117,0.0,0.03945,0.0,0.00521,0.0091,0.0,0.0,0.00387,0.0,0.12279,0.0,0.0,0.0,0.0,0.00916,0.0,0.0,0.0026,0.0,0.0,0.06569,0.0,0.0,0.0,0.0,0.01477,0.0,1.21402,0.0,0.21808,0.0,0.17299,0.0,0.0,0.0,0.0,0.14741,0.01134,0.00338,0.27053,0.1178,0.00768,0.0,0.0,0.0,0.0,0.0,0.74166,0.0,0.0,0.0136,0.0,0.0,0.0,0.12063,0.21321,0.006,0.0,0.00158,0.02758,0.02822,0.02938,0.14299,0.0,0.0,0.0,0.10935,0.10676,0.0,0.0,0.0,0.0,0.0,0.00335,0.0,0.00069,0.0,0.05913,0.12101,0.00152,0.04892,0.00015,0.0,0.07154,0.02287,0.29037,0.0,0.0,0.04427,0.7169,0.00099,1.39474,0.0,3.53924,0.00186,0.082,0.00218,0.05877,0.00908,0.03639,0.21831,0.0,0.0,0.0609,0.00646,0.01834,0.39126,0.0,0.0,0.0,0.00198,0.0,0.0,0.00993,0.0,0.01893,0.03171,0.0,0.0,0.0,0.0,0.20692,0.0,0.0,0.0,0.0,0.0,0.0,0.0,6.57365,0.0,0.0,0.01991,0.00907,0.0,0.0,0.11898,0.0,0.0,0.0,1.19896,0.00553,0.0432,0.0,0.0,0.0,0.0,0.00195,0.0,0.00181,0.0,0.0,0.0,0.0,0.00209,0.0,0.0,0.0,0.0,0.0,0.0,0.0,0.0,0.0,0.0,0.0,0.0,0.16853,0.01638,0.0,0.0,0.00238,0.02675,0.0,0.0,0.0,0.0,0.00826,0.0,0.0,0.59733,0.01071,0.00893,0.0,0.0,0.0,0.0,0.0,0.0,0.0,0.0,0
MSM_L2_F5,0.0,5.47483,0.0,0.0,0.0,23.93306,0.0,0.0,0.0,0.0,0.0,0.31725,0.32261,0.0,0.0,0.0,0.0,0.0,0.0,1.0419,0.0,0.0,0.13803,0.30513,0.0,0.0,0.17033,2.62426,1.6395,0.0,0.0,0.0,0.05687,0.0,0.03179,0.00171,2.00832,0.402,0.0,0.0,0.0,0.18152,0.0,0.0,0.0,1.37753,0.0,0.0,0.0,0.17616,0.59719,0.0,1.46995,0.10642,1.14741,0.0,0.0,0.47395,0.0,0.16664,0.0,0.02252,0.0,0.1362,1.37954,0.0,1.09599,0.46762,0.0,0.0,2.10703,1.13672,1.50834,0.0,0.0,0.04002,0.08892,0.18494,0.0,0.17105,0.0,0.0,0.01754,0.14287,0.0,0.0,0.0,0.0,0.06493,0.79148,0.0,0.0,0.0,0.0,0.08879,0.0,0.0,0.0335,0.25673,0.30473,0.0,0.57623,0.0,0.0,0.0,0.04458,0.0,0.0,0.0,0.27158,0.1005,0.01329,0.0,0.0,0.32717,0.07579,0.11754,0.0,0.00545,0.0,0.0,0.23778,0.42247,0.01786,0.0,0.83787,0.0,0.04302,2.91953,0.0,0.0,0.0,0.69316,0.15257,0.0,0.0,0.0,0.0,0.0,0.04391,0.25656,0.06315,0.0022,0.0103,0.0,0.0,0.0,0.11792,0.07901,0.0,0.0,0.0,0.0,0.00104,0.0,0.0,0.0344,0.0,2.79799,0.0,1.59125,0.0,0.0,0.0,0.0,0.02862,0.04253,0.00533,0.01883,0.00366,0.0,0.0,0.0,0.06393,0.07359,0.0,0.0,0.0,0.02505,0.0,0.00477,0.00957,0.0,0.0,0.0,0.14309,0.0,0.0,0.01134,0.07166,0.0,0.20149,0.06307,0.0,0.01679,0.0,0.21056,0.02628,0.0,0.06234,0.0,0.26603,0.05783,0.02729,0.0936,0.04511,0.00245,0.11104,0.07567,0.19666,0.0,0.0,0.0,1.12801,0.00018,0.0,0.0,0.0,0.0,0.0,0.0,0.0,1.21001,0.0,0.0,0.0,0.0,0.0,0.0,0.08301,0.0,0.0,0.17504,0.0,0.00247,0.0,0.0,0.0,0.0,0.0,0.0,0.0,0.0,0.0,0.00272,0.03977,0.0,0.0186,0.04671,0.0,0.36652,0.0,1.04786,0.0,0.02272,0.04828,0.0,0.0,0.0,0.0,0.03678,0.0,0.0,0.0,0.0,0.11968,0.01423,0.0,0.0,0.0,0.00683,0.21973,0.00047,0.00697,0.0,0.17345,0.44618,0.0,0.01639,0.0,0.09747,0.0,2.13778,5.27667,0.0,0.0,0.0,0.06755,0.01435,3.43665,0.02063,0.20026,0.0,0.53964,0.0,0.0,0.0,0.01912,0.51666,0.40793,0.0,0.0,0.0,0.0,0.0,0.2535,0.01759,0.05291,1.24177,0.0,0.0,0.0,0.00719,0.01018,0.0,0.00057,0.00586,3.49329,0.0,9e-05,0.86445,0.0,0.04286,0.0,0.0,0.0,0.0,0.0,0.01366,0.02726,0.04686,0.0,0.0,0.08631,0.0,0.0,0.01799,0.0,0.04698,0.0,0.0,0.0,0.0,0.0,0.0,0.0,0.0,0.01539,0.0,0.14143,0.0062,0.0,0.0,0.0,0.0,0.0,0.0,0.0,0.0,0.08164,0.0,0.0,0.0,0.0,0.0,0.02087,0.0,0.0,0.0,0.06795,0.0,0.0,0.0,0.0,0.0,0.00075,0.04199,0.0,0.0,0.0,0.0,0.0,0.0,0.0,0.0,0.0,0.0,0.0,0.0,0.0,0.0,0.0,0.0,0.0,0.0,0.0,0.20703,0.0,0.0,0.0,0.01382,0.0,0.0,0.0,0.0,0.0,0.0,0.0,0.0,0.0,0.0,0.0,0.0,0.0,0.0,0.0,0.0,0.0,0.22931,0.0,0.0,0.0,0.0,0.0,0.00969,0.0,0.0,0.0,0.66686,1.04448,0.0,0.0003,0.0,0.0,0.0,0.0,0.0,0.0,0.0,0.0,0.0,0.0,0.0,0.00284,0
MSM_L1_D4,0.0,0.0,0.0,0.0,0.0,0.0,0.0,0.0,0.0,0.0,0.0,0.0,0.0,0.0,0.0,0.0,0.0,0.0,0.0,0.02929,0.0,0.0,0.0,0.0,0.0,0.0,0.0,0.0,0.0,0.0,0.0,0.0,0.0,0.0,0.0,0.0,39.20571,0.0,0.0,0.0,0.0,0.08288,0.0,0.0,0.0,0.0384,0.0,0.0,0.0,0.0,0.0,0.0,0.0,0.23703,0.0,0.0,0.0,0.05463,0.0,4.4157,0.0,0.56474,0.0,0.0,0.0,0.0,0.0,0.0,0.0,0.0,0.04459,0.6869,0.0,0.0,0.0,0.0,0.0,0.0,0.0,0.01676,0.0,0.0,0.0,0.0,0.0,0.0,0.0,0.0,0.0,0.0,0.0,0.0,0.0,0.0,0.0,0.0,0.0,0.0,0.0,0.0,0.0,3.1798,0.0,1.71149,0.0,0.0,0.0,0.0,0.0,1.30346,0.0,0.0,0.0,0.0,0.20021,0.0,0.05464,0.0,0.0,0.0,0.0,0.0,0.0,0.0,0.0,1.54698,0.0,0.0,5.3659,0.0,0.0,0.0,0.02364,0.0,0.0,0.0,0.0,0.0,0.0,0.0,0.0,0.0,0.0,0.0,0.0,0.0,0.0,0.0,0.0,0.0,0.0,0.0,0.0,0.0,0.0,0.0,0.0,0.0,0.0,0.0,0.0,0.0,0.0,0.0,0.0,0.0,0.0,0.0,0.0,0.0,0.0,0.0,0.0,0.0,0.06531,0.0,0.0,0.0,0.0,0.0,0.0,0.0126,0.0,0.0,0.0,0.0,0.0,0.0,0.0,0.01441,0.0,3.73426,0.0,0.0,0.0,0.0,0.00063,0.03575,0.0,0.00233,0.0,0.0,0.0,0.0,0.0,0.005,0.0,0.0,0.00609,0.0,0.0,0.0,0.0,0.07473,0.0,0.0,0.0,0.0,0.0,0.0,0.0,0.0,0.0,0.0,0.0,0.0,0.0,0.0,0.0,0.0,0.0,0.0,0.0,0.0,0.0,0.0,0.0,0.0,0.0,0.0,0.0,0.0,0.0,0.0,0.0,0.0,0.0,0.0,0.0,0.0,0.0,0.0,0.0,0.0,0.0,0.0,0.0,0.0,0.0,0.0,0.0,0.0,0.0,0.0,0.0,0.0,0.0,0.0,0.0,0.0,0.0,0.0,0.0,0.0,0.0,0.0,0.0,0.0,0.14853,0.0,0.91292,0.0,0.0,13.97125,0.0,0.0,0.0,0.0,0.0,0.0,0.0,1.30025,0.0,0.0,0.0,0.19432,0.0,0.0,0.0,0.0,0.16434,0.0,0.0,0.0,0.0,0.0,0.0,0.0,0.07948,0.0,0.0,0.0,0.02012,0.12537,0.0,0.0,0.0,0.73999,0.0,0.02323,0.0,0.00362,0.0,0.13184,0.65409,0.0,0.07133,0.22883,0.0,0.0,0.0,0.0,0.0,0.10673,0.0,0.0,0.0,0.0,0.0,0.0,0.0,0.0,0.0,0.0,0.0,0.0,0.0,0.0,0.0,0.0,0.0,0.0,0.0,0.0,0.0,0.0,0.0,0.0,0.0,0.0,0.0,8.57534,0.0,0.0,0.0,0.0,0.0,0.0,0.0,0.0,0.0,0.0,0.0,0.0,2.24011,0.0,0.0,0.0,0.0,0.0,0.0,0.0,0.0,0.0,0.0,0.0,0.0,0.0,0.0,0.0,0.0,0.0,0.0,0.0,0.0,0.0,0.0,0.0,0.0,0.0,0.0,0.0,0.0,0.0,0.0,0.0,0.0,0.0,0.0,0.0,0.0,0.0,0.0,0.0,0.0,0.0,0.0,0.0,0.0,0.0,0.0,0.0,0.0,0.0,0.0,0.0,0.0,0.0,0.35053,0.0,0.0,0.0,0.0,0.0,0.0,0.0,0.0,0.0,0.0,0.0,0.0,0.0,0.0,0.0,0
KHK37,0.0,0.0,0.0,0.0,0.0,0.0,0.0,0.0,0.0,0.0,0.0,0.0,0.0,0.0,0.0,44.52647,0.0,0.0,0.0,1.81145,0.0,0.0,0.0,0.38969,0.06695,0.0,0.0,0.1118,0.0003,0.0,0.0,0.0,0.0,0.0,0.0,0.0,5.09747,0.0,0.0,0.0,0.0,0.0,0.0,0.0,0.0,1.7742,0.0,0.0,0.0,0.09868,0.09942,0.0,1.10904,0.36776,0.40281,0.0,0.0,0.19183,0.0,0.02755,0.31409,0.0,0.0,0.0,0.14284,0.0,0.0,1.60175,0.0,0.0,0.63252,1.93397,2.3535,0.0,0.0,0.0,4.45811,0.0,0.0,0.20582,1.12033,0.0,0.0,0.00274,0.0,0.0,0.0,0.0,0.38641,0.13444,0.0,0.0,0.0,0.0,0.0,0.0,0.0,0.0,0.0,0.00564,0.00467,0.05676,0.0,0.63016,0.0,0.0,0.0,0.0,0.0,0.04772,0.19843,0.0,0.0,0.0,0.5994,0.0,0.01564,0.0,0.0,0.0,0.0,0.32104,0.42352,0.0,0.0,0.03809,0.0,0.02451,3.21635,0.00105,0.07234,0.0,0.21395,0.20147,0.00423,0.0,0.0,0.0,0.0,0.06725,0.82658,0.06861,0.00183,0.0004,0.04103,0.0,0.0,0.26977,0.01045,0.0,0.0,0.0,0.0,0.0,0.0,0.0,0.04381,0.0,0.01569,0.0,0.0,0.0,0.0,0.0,0.0,0.0,0.0,0.0,0.0,0.0,0.00778,0.0,0.0,0.78824,0.01893,0.00074,0.0,0.0,0.00796,0.0,0.0,0.12607,0.0,0.0,0.0,0.01541,0.0,0.0,0.0,0.00195,0.0,0.26463,0.00075,0.0,0.0,0.0,0.02721,0.05233,0.0,0.0,0.0,0.0,0.00094,0.0,0.09808,0.06831,0.0,0.06093,0.00195,0.0,0.0,0.0,0.45671,0.15578,0.0,0.0,0.0,0.0,0.0,0.0,0.0,0.0,0.09513,0.0,0.0,0.0,0.0,0.0,0.0,0.0,0.0,0.0,0.0,0.0,0.0,0.0,0.0,0.0,0.0,0.0,0.0,0.0,0.0,0.0,0.0,0.0,0.0,0.06673,0.0,0.0,0.0,0.0,0.81026,0.0,0.0,0.0,0.0,0.0,0.0,0.0,0.0,0.0,0.0,0.0,0.0,0.01402,0.0,0.00169,0.0,0.0,0.02144,0.0,0.0,0.0,0.0,0.61854,0.11014,0.0,0.0,0.0,0.0,0.0,2.61398,0.0,0.0,0.0,0.0,0.07525,0.04175,0.0,0.0,0.17832,0.0,0.0,0.0,0.0,0.0,0.13557,0.01459,0.0915,0.0,0.14464,0.0004,0.0,0.0,0.0,0.0,0.29658,0.0,0.0,0.0,0.0,0.0,0.03754,0.0,0.0,0.0,1.10854,0.0,0.0,1.70856,0.05038,0.0,0.0,0.01294,0.019,0.02593,0.03109,0.08806,0.00949,0.0,0.0,0.0,0.0358,0.01825,0.0,0.09622,0.0,0.0,0.0,0.13444,0.0,0.0,0.0,0.0,0.0,0.0,0.0054,0.0,0.0,0.0,0.0,0.0,0.0,0.01189,0.0,0.0,0.0,0.0,0.0,0.0,0.0,0.0,0.0,0.07078,0.0353,0.0,0.0,0.0,0.04128,0.0,0.0,0.0,0.0,1.26947,0.0,0.0,0.0,0.0,0.0,0.0,0.0,0.0,0.0,0.0,0.0,0.0,0.0,0.0,0.0,0.0,0.0,0.0,0.0,0.0,0.0,0.0,0.0,0.0,0.0,0.0,0.0,0.0,0.0,0.0,0.0,0.0,0.0,0.0,0.0,0.0,0.0,0.0,0.0,0.0,0.0,0.0,0.0,0.0,0.0,0.0,0.0,0.0,0.0,0.0,0.0,0.0,0.0,1.7373,0.99363,0.00114,0.0,0.0,0.0,0.0,0.0,0.0,0.0,0.0,0.0,0.0,0.0,0.0,0.0,0
P016,0.0,0.54809,0.0,0.0,0.0,8.95363,0.14429,1.38705,0.00823,0.0,2.70914,3.55147,0.35835,0.0,0.0,0.52225,0.8243,0.51838,0.0,0.10341,0.53059,0.13995,0.02307,0.0401,0.04498,33.75276,0.07303,0.19033,0.10918,1.33246,0.0,0.0,0.25026,0.8278,0.08333,0.07282,0.2498,0.30452,0.0,0.0,0.0,0.18467,0.05201,0.0,0.0,0.15908,0.09764,0.06583,0.0,0.01613,0.48045,0.0,0.23384,0.17813,0.1245,0.05059,0.0,0.0,0.0,0.09506,0.00572,0.0,0.00667,0.0181,0.14273,0.02277,0.19249,0.30548,0.0,0.0,0.45727,0.20573,0.0662,0.0,0.0,0.02367,0.08503,0.01188,0.32421,0.00915,0.06054,0.0,0.0,0.00473,0.02882,0.0,0.0,0.0,0.00888,0.76316,0.0,0.00193,8.23607,0.0,0.0,0.0,0.00942,0.45662,0.05756,0.05144,0.0,0.00483,0.00265,0.12889,0.0,0.05287,0.0,0.0,0.0,0.11307,0.00503,0.13887,0.0,0.25687,0.16689,0.0235,0.0,0.0,0.01069,0.0,0.1381,0.1617,0.08082,0.03956,0.0,0.18119,1.38694,0.01969,0.00488,0.0,0.0,0.00795,0.0193,0.03661,0.57102,0.0,0.0,0.0,0.02367,0.06203,0.0,0.0176,2.08209,0.00014,0.00079,0.0,0.25091,0.05171,0.0244,0.00646,0.12053,0.0,0.22089,0.00262,0.0,0.0,0.01956,0.0,0.13213,0.0,0.02786,0.0,0.0,0.0,0.01793,0.07744,0.00048,0.00567,0.01522,0.00751,0.04204,0.0,0.0,0.01192,0.0,0.03071,0.0,0.00399,0.00685,0.0,0.0,0.0027,0.00153,1.93671,0.0,0.0,0.02239,0.07268,0.00516,0.05578,0.0,0.0,0.00507,0.06544,0.02047,0.0,0.00284,0.01917,0.0,0.00175,0.00331,0.03535,0.00596,0.00319,0.01385,0.01526,0.01608,0.0,0.00451,0.0,0.0,0.00791,0.0,0.05114,0.20449,0.01801,0.92358,0.01096,0.0,0.0,0.0,0.09686,0.29917,0.0,0.0,0.0,2.44795,0.0,0.01611,0.0,0.03094,0.0,0.17429,0.0,0.55358,3.70201,0.0,0.0,0.0,1.94812,0.0,0.0042,0.00039,0.0,0.00056,0.02435,0.0,0.0012,0.00615,0.03774,0.05366,0.0,0.07581,0.0,0.48304,0.02353,0.0,0.0,0.0,0.00427,0.00206,0.0,0.0,0.01135,0.0,0.00028,0.0,0.0,0.00029,0.0,0.00061,0.0,0.0,0.00328,0.01016,0.0,0.02793,0.0,0.18366,0.0,0.02543,0.0,0.17995,0.10705,0.0,0.0,0.00821,0.00558,0.0,0.0,0.0,0.0,0.09281,0.00068,0.0,0.0,0.00622,0.00723,0.0,0.0,0.00657,0.0,0.03914,0.0,0.0,0.09942,0.00899,0.01558,0.08266,0.00097,0.0,0.0,0.00331,0.0483,0.0,0.0,0.00762,0.0,0.39793,0.00379,0.0,0.0,0.0,0.0,0.0,0.0,0.0,0.0,0.0,0.00261,0.00328,0.23154,0.0,0.0,0.01686,0.4005,0.006,0.07625,0.1576,0.0,0.0,0.0,0.0,0.09732,0.62901,0.02595,0.00778,0.0,0.0,0.00361,0.0,0.0,0.0,0.00458,0.0,0.05254,0.0,0.0,0.0,0.0,0.0,0.00861,0.0,0.0,0.0,0.01427,0.10641,0.01363,0.02589,0.0,0.0,0.00116,0.0,0.07227,0.00809,0.34494,0.0,0.06323,0.02081,0.0,0.0,0.0,0.0,0.0,0.0,0.0,0.02364,0.0,0.0,0.0,0.0,0.0,0.0,0.0,0.00687,0.0,0.0,0.22653,0.11937,0.0,0.00031,0.12579,0.0,0.0,0.0,0.0,0.0,0.0,0.0,0.0,1.25047,1.25446,0.09722,0.0,0.0,0.0,0.0,0.0,0.00256,0.0,0.00608,0.00668,0.0,0.0,0.0,0.0,0.0,0.11614,0.0,0.0,0.00844,0.0,0.0,0.0,0.0,0.0,0.0,0.0,0.0,0.0,0.0,0.0,0.0,0.0,0
MSM_L1_B3,0.0,0.0,0.0,0.0,0.0,0.0,0.0,0.0,0.0,0.0,0.0,0.0,0.08632,0.0,0.0,0.0,0.0,0.0,0.0,1.24658,0.0,0.0,0.0,0.00081,0.24614,0.0,0.0,0.0,1.10711,0.0,0.0,0.0,0.0,0.0,0.106,0.0,1.7121,0.0,0.20236,0.0,0.0,0.02462,0.0,0.0,0.0,1.40632,0.0,0.0,0.0,0.0,0.0,0.0,0.24441,3.2083,0.53185,0.0,0.0,0.4363,0.0,0.0,0.0,0.06966,0.0,0.0,1.05789,0.0,0.0,0.81315,0.0,0.0,0.09851,0.10571,3.51149,0.0,0.0,0.0,0.00554,0.0,0.0,1.10504,0.0,0.0,0.0,0.39556,0.0,0.0,0.0,0.0,0.38125,0.0,0.0,0.15398,0.0,0.0,0.0,0.0,0.0,0.18994,0.0,0.04203,0.0,0.89169,0.0,1.57345,0.0,0.0,0.0,0.0,0.0,0.06827,0.0,0.0,0.09678,0.0,0.00768,0.0,0.0,0.0,0.0,0.78361,0.0,0.2112,0.13627,1.37409,0.0,2.11304,0.0,0.27131,0.0,0.03682,0.11527,0.0,0.46959,0.03065,0.00726,0.0,0.0,0.46319,0.0,0.08591,2.77842,0.02438,0.0,0.02047,0.0,0.0,0.0,0.02345,0.05277,0.0,0.0,0.0,0.0,0.0,0.0,0.0,0.06099,0.04099,0.0,0.0,2.31316,0.0,0.0,0.0,0.0,0.0,0.0,0.0,0.0,0.0,0.76417,0.24911,0.0,0.10528,0.00764,0.0,0.0,0.0,0.06793,0.0,0.01473,0.07996,0.0,0.0,0.0,0.03453,0.0,0.86881,0.0,0.23591,0.0,0.46967,0.0,0.0,0.31619,0.0,0.29183,0.0,0.0,0.00432,0.0,0.0,0.02905,0.00223,0.0,0.0,0.0,0.0,0.06417,0.0031,0.0,0.01768,0.0,0.79924,0.0,0.0,0.0,0.0,0.0,0.0,0.0,0.01187,0.39928,0.0,0.0,0.0,0.0,0.0,0.0,0.816,0.0,0.0,0.0,0.0,0.0,0.0,0.0,0.0,0.0,0.0,0.0,0.0,0.0,0.0,0.12846,0.0,0.0,0.1445,0.24898,0.0,0.08776,0.0,4.54346,0.0,0.0,0.0,0.0137,0.03792,0.04237,0.0,0.03693,0.01441,0.0,0.00259,0.05349,0.0,0.33275,0.01762,0.0,0.02509,0.0,0.09078,0.22234,0.00128,0.0,0.0,0.0,0.0,0.0117,0.04875,0.07985,0.0,8.0842,0.0,0.0,0.0,0.0,0.25727,0.3565,0.59307,0.0,0.01332,0.0,0.0,0.02439,0.0,0.04402,0.01375,0.11721,0.02911,1.81335,0.46967,0.0,0.0,0.04458,0.0,0.03649,1.11631,0.0,0.03962,0.11024,0.0,0.0,0.04118,0.0,0.0,0.03444,0.0,0.0,0.01157,0.0,0.25944,0.0,0.0,0.00135,0.08218,0.00622,0.0,0.05682,0.02279,0.0,0.0,0.0,0.10202,0.0,0.0,0.0,0.0166,0.0,0.0,0.0,0.0,0.0,0.0,1.03196,0.0,0.0,0.04198,0.0,0.90095,0.0,0.0,0.0,0.0,1.35368,0.10116,0.0,0.03331,0.04419,1.03719,0.02239,0.0,0.09831,0.0,0.0,0.00256,0.0,0.0,0.00015,0.02337,0.0,0.0,0.0,0.0,0.0,0.0,0.0,0.0,0.0,0.0,0.0,0.0,0.0,0.0,0.0,0.0,0.0,0.0,0.0,0.04929,0.0,0.0,0.0,0.0,0.0,0.0,0.0,0.0,0.0,0.0,0.0,0.0,0.0,0.0,0.0,0.0,0.0,0.0,0.0,0.0,0.0,0.0,0.0,0.0,0.0,0.0,0.0,0.0,0.0,0.0,0.0,0.0,0.0,0.0,0.14806,0.0,0.0,0.0,1.05257,0.03918,0.0,0.0,0.0,0.0,0.0,0.0,0.0,0.0,0.0229,0.0,0.0,0.0,0.0,0.0,0
P011,5.59842,0.0,0.0,0.0,0.0,23.33621,0.0,0.0,2.64523,0.0,0.0,0.73665,0.02682,0.0,0.0,1.25842,0.0,0.0,1.5334,0.64663,0.0,0.0,0.0,0.04511,0.11709,3.7962,0.17758,0.45855,0.01822,0.0,0.0,0.0,0.0,0.0,0.05934,0.01975,0.36566,0.01026,0.05254,0.0,0.0,0.06013,0.0,0.22069,0.0,0.35793,0.05226,0.0,0.0,0.02099,0.0,0.0,0.09647,1.57111,0.0,0.03224,0.0,0.08731,0.96219,1.43646,0.0,0.03497,0.0,0.41014,0.34012,0.01955,0.15547,0.23582,0.0,0.0,0.07298,0.11286,0.30194,0.0,0.0,0.15002,0.61128,0.0,0.0,0.38658,0.0,0.0,0.0,0.06238,0.1339,0.0,0.0,0.0,0.2306,0.34527,0.0,0.00018,0.0,0.0,0.0,0.0,0.02188,0.0,0.07839,0.00305,0.02654,0.0203,0.0,0.5438,0.0,0.0995,0.0,0.0,0.0,0.09781,0.0189,0.139,0.0,0.0,0.27689,0.08358,0.01407,0.0,0.05564,0.01179,0.04054,0.36063,0.23343,0.03743,0.0,0.78968,0.0,0.04973,0.0,0.15937,0.00603,0.00688,0.02362,0.07213,0.0,0.0,0.0,0.0,0.0,0.09855,2.34763,0.01195,1.26839,0.10596,0.00975,0.0,0.0,0.0,0.02544,0.0,0.13328,0.0,0.10485,0.28892,0.0,0.0,0.05649,0.00954,0.93022,0.0,0.20655,0.0,0.0,0.0,0.0,0.25331,0.0,0.02271,0.0,0.00042,0.0,0.0,0.0,0.13953,0.0,0.02686,0.09475,0.0,0.00146,0.01949,0.06465,0.01102,0.04989,2.74966,0.0,0.00815,0.0,0.0,0.07245,0.04081,0.0,0.0793,0.02812,0.08951,0.02367,0.0,0.00196,0.06658,0.0,0.0,0.0111,0.27709,0.0,0.0,0.69951,0.00725,0.04601,0.0,0.03646,0.0,0.0,0.0055,0.17421,0.76899,0.12407,0.0,0.13859,0.0,0.0,0.44636,2.80728,0.0,0.13347,0.0,0.0,0.36995,0.0,0.0,0.0,0.04855,0.45741,0.0,0.24361,0.0,0.71761,0.0,0.0,0.0,0.0,1.72381,0.0,0.00665,0.0,0.0,0.01678,0.00605,0.0,0.23101,0.0,0.04829,0.0,0.0,0.0,0.00417,0.0,0.0222,0.0,0.0,0.0,0.0,0.0593,0.13918,0.0,0.00738,0.00077,0.028,0.0,0.0,0.01991,0.00295,0.00245,0.0,0.0,0.00142,0.0,0.0,0.0339,0.0,0.0,0.08879,0.0,0.0,0.00072,1.16091,0.0406,1.2222,0.0,0.0,0.2893,0.0,0.0,0.0,0.0,0.09084,0.0,0.0,0.01833,0.0,0.0,0.04008,0.27256,0.08844,0.0,0.0,0.0,0.0,0.00951,0.33073,0.03391,0.00347,0.04854,0.00179,0.03292,0.01562,0.0,0.00374,0.00215,0.0,0.33156,0.00121,0.02185,0.0,0.0,0.0,0.0,0.02213,0.0,0.0,0.0,0.00661,0.0,0.1422,0.0,0.0,0.0103,0.0,0.0,0.01802,0.0,0.0,0.0,0.0,0.08119,0.0,0.0,0.0,0.0,0.0,0.0,0.02414,0.0,0.01453,0.0,0.0002,0.0001,0.03019,0.0,0.00021,0.04637,0.0,0.03822,0.00245,0.07748,0.0,0.00292,0.0,0.0,0.0,0.01367,0.00162,0.0,0.0,0.0,0.0,0.0,0.00327,0.03301,0.0,0.0,0.0,0.0,0.0,0.00537,0.0,0.0,0.0,0.05124,0.0,0.09052,0.0,0.0,0.0,0.0,0.52175,0.0,0.0,0.0,0.0,0.0,0.0,0.0017,0.0,0.0,0.0,0.0,0.0,0.0,0.01207,0.0,0.0,0.0,0.0,0.28802,0.0,0.0,0.0,0.0,0.0,0.0,0.0,0.0,0.0,0.0,0.0,0.00082,0.0,0.0,0.0,0.00604,0.08817,0.0,0.0,0.0,0.0,0.0,0.0,0.0,0.0,0.0,0.0,0.0,0.0,7.81283,0.0,0
P015,38.02177,0.0,0.0,0.0,0.0,0.0,0.0,0.0,0.94,0.0,0.0,0.0,2.75267,0.0,0.0,10.94434,0.0,0.0,0.0,0.2578,0.77979,0.0,0.81641,0.0,0.0,0.0,0.0,0.76122,0.03347,0.0,0.0,0.0,0.0,0.0,0.00367,0.00635,4.1482,0.0,0.0,0.0,0.0,0.02379,0.0,0.0,0.0,0.53931,0.01014,0.0,0.14577,0.0043,0.00161,0.0,0.51673,0.49154,0.0,0.0,0.0,0.22902,0.0,0.29857,0.77918,0.01276,0.0,0.02805,0.67276,0.00976,0.34228,0.12332,0.0,0.0,0.35881,0.98872,1.9823,0.0,0.0,0.016,1.16416,0.0,0.0,0.38084,0.26161,0.0,0.0,0.0,0.0,0.0,0.0,0.0,0.35803,0.57461,0.0,0.18064,0.0,0.03152,0.0,0.0,0.0,0.0,0.08709,0.54855,0.0,0.02962,0.0,0.13021,0.0,0.0,0.0,0.0,0.0,0.05712,0.01319,0.0,0.04688,0.0,0.10434,0.0,0.0,0.0,0.0,0.83781,0.21104,0.10008,0.06582,0.0272,0.0,0.2352,0.0,0.0,0.58766,0.01355,0.21199,0.0,0.00868,0.04264,0.13486,0.0,0.02624,0.0,0.09473,0.0747,0.0,0.01109,0.0,0.02482,0.0,0.0,0.0,0.07501,0.02043,0.0,0.0,0.0,0.0,0.0,0.0,0.0,0.0,0.0,0.37834,0.0,1.8462,0.0,0.0,0.0,0.03689,0.08532,0.02776,0.02913,0.02515,0.0,0.27742,0.0,0.0,0.0,0.0,0.01062,0.0,0.0,0.0041,0.0,0.00469,0.02154,0.0,0.0,0.0,0.00788,0.00619,0.0,0.00038,0.02472,0.0,0.01682,0.00037,0.0,0.07542,0.0,0.0339,0.01651,0.0,0.01362,0.0,0.52385,0.0,0.00295,1.50107,0.00542,0.0,0.0,0.01151,0.0,0.0,0.0,0.0,0.11115,0.0,0.0,0.0,0.0,0.0,0.0,0.0,5.07027,0.0,0.0,0.0,0.0,0.0,0.0,0.0,0.0,0.0,0.0,0.0,0.0,0.0,3.11629,0.0,0.0,0.0,5.89372,0.0,0.0,0.0,0.0,0.01449,0.0,0.0,0.02412,0.0,0.0,0.0,0.0,0.0,0.0,0.0,0.0365,0.0,0.0,0.0,0.00923,0.0618,0.0,0.0,0.0,0.0,0.01261,0.0,0.0,0.0,0.0,0.00197,0.0,0.0,0.0,0.0,0.0,0.0,0.0,0.00253,0.01766,0.00559,0.0,1.68818,0.0,0.0,0.0,0.49549,0.00038,0.05215,0.0,0.0,0.0,0.0,0.0,0.0,0.08794,0.01292,0.01765,0.01242,0.21776,0.0,0.00026,0.0,0.0,0.0,0.0,0.01085,0.0,0.0048,0.00598,0.0,0.0,0.0,0.00385,0.0,0.00562,0.03856,0.0,0.0,0.0,0.19424,0.0,0.0,0.02957,0.0,0.01144,0.0,0.0,0.0,0.01186,0.0,0.0,0.0,0.0,0.00457,0.0,0.21246,0.0,0.03311,0.0,0.0,0.0,0.0,0.0,0.0,0.0,0.0,0.0,0.0,0.0292,0.0,0.0,0.0,0.0,0.02376,0.0,0.0,0.0,0.0,0.0789,0.0,0.0,0.0,0.0,0.01439,0.0,0.0,0.0,0.0,0.0,0.0,0.0,0.0,0.0,0.0,0.0,0.0,0.0,0.0,0.0,0.0,0.0,0.0,0.0,0.0,0.0,0.0,0.0,0.0,0.0,0.0,0.0,0.0,0.0,0.0,0.0,0.0,0.0,0.0,0.0,0.0,0.0,0.0,0.0,0.0,0.0,0.0,0.0,0.0,0.0,0.0,0.0,0.0,0.0,0.0,0.0,0.0,0.0,0.0,0.0,0.0,0.0,0.0,0.0,0.0,0.0,0.0,0.0,0.0,0.00556,0.0,0.0,0.0,0.0,0.0,0.0,0.0,0.0,0.0,0.0,0.0,0.0,0.0,0.0,0
MSM_L1_D1,0.0,0.0,0.0,0.0,0.0,0.0,0.0,0.0,0.0,0.0,0.0,0.0,1.24732,0.0,0.0,0.0,0.0,0.0,0.0,2.39325,0.0,0.0,0.0,0.71318,0.16411,0.0,0.0,4.45092,0.31257,0.0,0.0,0.0,0.0,0.0,2.06067,0.01706,11.70927,0.0,0.03464,0.0,0.0,1.91226,0.0,0.0,0.0,0.0,0.0,0.0,0.0,0.00638,0.0,0.0,0.35094,0.91269,0.0,0.0,0.0,0.56799,0.0,1.13281,0.79819,0.11977,0.0,0.04818,0.09121,0.0,0.0,0.94896,0.0,0.0,0.17685,0.63272,9.60692,0.0,0.0,0.32357,0.02956,0.01382,0.0,0.02771,0.0,0.29312,0.0,0.02941,0.0,0.0,0.0,0.0,0.43013,0.07908,0.8484,0.0,0.0,0.0,0.0,0.0,0.0,0.0,0.0,0.0,0.00153,0.19252,0.02148,0.0,0.0,0.0,0.0,0.0,0.0,0.02331,0.97129,0.00146,0.20763,0.0,0.59586,0.15706,0.0,0.0,0.0,0.0,0.0,0.34641,0.0,0.00809,0.0,0.09106,0.0,0.05694,0.0,0.0,0.52605,0.0,0.2106,0.0,0.16457,0.0,0.0,0.06446,0.0,0.14596,0.15143,0.10343,0.04115,0.03236,0.0,0.0,0.0,0.31816,0.01636,0.13572,0.0,0.0,0.0,0.0,0.0,0.0,0.02507,0.0645,0.0051,0.0,1.53734,0.0,0.0,0.0,0.0,0.03364,0.08113,0.01799,0.0,0.0,2.00639,0.0,0.0,0.67771,0.04616,0.0,0.0,0.0,0.00702,0.00275,0.0,0.0637,0.0,0.0,0.0,0.01836,0.0,0.0,0.0,0.04647,0.0,0.11271,0.0009,0.0,0.0,0.0,0.16414,0.06772,0.0,0.01479,0.0,1.20113,0.00727,0.00347,2.94559,0.08331,0.0,0.00038,3.69116,0.0,0.0,0.0,0.0,1.15101,0.0,0.0,0.0,0.0,0.0,0.0,0.0,0.0,0.10658,0.0,0.0,0.0,0.0,0.0,0.0,0.18984,0.0,0.0,0.0,0.0,0.0,0.0,0.0,0.0,0.00682,0.0,0.0,0.0,0.0,0.0,0.01726,0.07849,0.0,0.01392,0.1501,0.00529,0.11873,0.0,0.01955,0.0,0.0,0.00056,0.0,0.0,0.09809,0.0,0.0,0.02858,0.0,0.001,0.00206,0.00937,0.02104,0.0,0.0,0.0,0.0443,0.0,0.00141,0.0,0.0,0.0,0.0,0.0,0.03949,0.0,0.08671,0.0,2.04461,0.0,0.0,0.0,0.0,0.09091,0.05143,1.73475,0.06387,0.0,0.0,0.3439,0.00228,0.0,0.0,0.0,0.0,0.0,0.44624,0.03711,0.0,0.0,0.03823,0.0,0.01433,3.30007,0.28992,0.00549,0.00443,0.0,0.0,0.01723,0.0,0.0,0.0,2.87714,0.0,0.10678,3.55634,0.86093,0.0,0.23692,0.05288,0.0,0.00738,0.01302,0.0217,0.0,0.0,0.0,0.0,0.07379,0.0121,0.0,0.0,0.0,0.21862,0.0,0.0,0.0,0.0,0.0,0.31027,0.0,0.0,0.00994,0.0,0.08677,0.0,0.14351,0.0,0.06547,0.04833,0.0,0.0,0.0,0.0,0.0,0.0,0.0,0.0,0.0,0.0,0.0,0.0,0.0,0.0,0.01278,0.0,0.0,0.0,0.0,0.0,0.0,0.0,0.0,0.0,0.0,0.0,0.0,0.0,0.0,0.0,0.0,0.0,0.0,0.0,0.0,0.0,0.0,0.0,0.0,0.0,0.0,0.0,0.0,0.93946,0.0,0.0,0.0,0.0,0.0,0.0,0.0,0.0,0.11666,0.0,0.0,0.0,0.0,0.0,0.0,0.0,0.0,0.0,0.0,0.04245,0.0,0.0,0.0,0.00691,0.0,0.0,0.0,0.0,0.0,0.0,0.0,0.0,0.0,0.0,0.0,0.0,0.0,0.0,0.0,0.04042,0.0,0.0,0.0,0.0,0.0,0
MSM_L1_B11,0.0,0.0,0.0,0.0,0.0,0.0,0.0,0.0,0.0,0.0,0.0,0.0,0.0,0.0,0.0,0.0,0.0,0.0,0.0,0.0,0.0,0.0,0.0,0.06295,0.69327,0.0,0.0,0.0,0.0,0.0,0.0,0.0,0.0,0.0,0.0,0.0,7.8436,0.0,0.0,0.0,0.0,0.0,0.0,0.0,0.0,0.0,0.0,0.0,0.0,0.0,0.0,0.0,0.0,0.0,0.0,0.0,0.0,0.0,0.0,0.0,0.0,0.0,0.0,0.0,0.40581,0.0,0.0,0.0,0.0,0.0,0.32115,0.0,0.75889,0.0,0.0,0.0,0.0,0.0,0.0,0.04159,0.0,0.0,0.0,0.0,0.0,0.0,0.0,0.0,0.30917,0.0,0.0,0.0,0.0,0.0,0.0,0.0,0.0,0.17165,0.0,0.0,1.09776,0.40775,0.0,0.52389,0.0,0.0,0.0,0.0,0.0,0.0,0.0,0.0,0.0,0.0,0.0,0.0,0.39342,0.0,0.0,6.66108,0.0,0.0,0.0,6.20574,0.0,0.34087,0.0,0.07087,0.0,0.10494,0.0,0.0,0.0,0.0,0.0,0.0,0.0,0.0,0.0,0.0,0.0,0.0,0.0,0.12701,0.0,0.0,0.0,0.0,0.00803,0.0,0.0,0.0,0.0,0.0,0.0,0.0,0.0341,0.0,0.0,0.0,0.0,0.0,0.0,0.0,0.0,0.0,0.0,0.0,0.0,0.0,0.0,0.0,0.0,1.14645,0.0,0.0,0.0,0.0,0.0,0.0,0.0,0.0,0.0,0.0,0.0,0.0,0.0,0.0,0.0,3.53599,0.0,0.0,0.0,0.0,0.02476,0.0,0.0014,0.0,0.0,0.00092,0.0,0.0,0.0,0.08391,0.0,0.0,0.0,0.0,0.0,0.0,0.0,0.01204,0.07561,0.0,0.0,0.0,0.0,0.0,0.0,0.0,0.0,0.41247,0.0,0.0,0.0,0.0,0.0,0.0,4.58462,0.92457,0.0,0.0,0.0,0.0,0.0,0.0,0.0,0.0,0.0,0.0,0.0,0.0,0.0,0.0,0.09339,0.0,0.0,0.00408,0.0,0.0,0.0,0.0,0.0,0.0,0.0,0.0,0.0,0.0,0.0,0.0,0.0,0.96164,0.0,0.0,0.35969,0.0,0.0,0.0,0.0,0.0,0.0,0.0,0.00803,0.0,0.0,0.0,0.41279,0.0,0.09803,0.10327,0.01188,0.0,0.0,0.0,0.0,0.0,0.0,0.01021,0.0,3.68093,0.0,0.6571,0.0,0.0,0.0,0.0,0.0,0.0,0.0,7.23929,0.0,0.00602,0.0,0.0,0.0,0.0,0.0,0.0,0.0,2.1362,0.0,0.0,0.0,0.04254,0.0,0.0,0.02508,0.0,0.69157,0.0,0.0,0.0,0.0,0.0,0.0,0.01249,0.00472,0.0,0.0,0.00531,0.0,0.0,0.0,0.46176,0.0,0.0,0.0,0.0,0.0,0.0,0.0,0.0,0.0,0.0,0.0,0.0,0.0,0.0,0.0,0.0,0.0,0.0,0.0,0.0,0.07514,0.01833,0.0,0.0,0.0,0.0,0.02285,0.0,0.39678,0.0,0.0,0.02039,0.0,0.0,0.0,0.0,0.0,0.0,0.0,0.0,0.0,0.0,0.0,0.0,0.0,0.0,0.0,0.0,0.0,0.0,0.0,0.0,0.0,0.0,0.0,0.0,0.0,0.0,0.0,0.0,0.0,0.0,0.0,0.0,0.0,0.0,0.0,0.0,0.0,0.0,0.0,0.0,0.0,0.0,0.0,0.0,0.0,0.0,0.0,0.0,0.0,0.0,0.0,0.0,0.0,0.0,0.0,0.0,0.0,0.0,0.0,0.0,0.0,0.26071,0.0,0.0,0.0,0.0,0.0,0.0,0.0,0.0,0.0,0.0,0.0,0.0,0.0,0.0,0.0,0.03442,0
P019,0.43605,0.81419,2.76654,0.83406,0.0,3.48284,0.26325,0.10169,0.54321,0.67274,1.41831,0.43407,4.06633,0.16861,0.04258,1.51597,0.44605,0.99997,0.03781,0.01148,0.27851,0.0,0.0381,0.2524,0.04976,8.33448,0.02931,0.15644,0.03341,0.62338,5.15071,0.0,1.38231,0.0,0.01244,0.00226,0.12675,0.11053,0.0,0.65907,0.09146,0.00168,0.0,1.03094,0.35951,0.00179,0.60793,0.0,0.02846,0.37099,0.3871,0.0,0.06002,0.4853,0.42873,0.10015,2.89186,0.0,0.0,0.2438,0.04946,0.00133,0.06771,0.13886,0.03938,0.03992,0.0,0.11623,0.07968,0.0,0.73836,0.02393,0.0037,0.0,0.0,0.06427,0.02888,0.0177,0.0,0.07157,0.09304,1.55186,0.61302,0.0145,0.06054,0.05377,0.0,0.0,0.01132,0.04089,0.0,0.00961,0.79889,0.03125,0.01007,0.0,0.06349,0.0,0.02012,0.08614,0.00663,0.03243,0.00752,0.00636,0.06401,0.1174,0.0,0.63913,0.07368,0.68968,0.03179,0.44546,0.12649,0.0,0.03367,0.00949,0.05687,0.22831,0.05294,0.0218,0.17572,0.38911,0.04043,0.0165,0.20166,0.33576,0.0,0.0,0.0,7e-05,0.02392,0.04897,0.30054,0.01771,0.27824,0.1026,0.06067,0.00127,0.01998,0.0,0.01086,0.0138,0.86882,0.01172,0.01314,0.0564,0.53339,0.00268,0.00245,0.05394,0.16132,0.0836,0.12003,0.01068,0.03135,0.00934,0.0,0.0,0.11487,0.0,0.0499,0.0,0.0,0.0,0.03619,0.31369,0.0061,0.02682,0.02227,0.10917,0.02464,0.00175,0.0,0.0,0.03688,0.02702,0.48285,0.0,0.00621,0.0048,0.0,0.33181,0.01434,0.72619,0.0,0.01032,0.15213,0.08486,0.00598,0.00246,0.0,0.03459,0.00968,0.32125,0.0,0.00678,0.0234,0.03864,0.0,0.0,0.09001,0.30747,0.01636,0.0,0.00984,0.16261,0.05621,0.0,0.00462,0.00534,0.00263,0.00087,0.06138,0.36464,0.16356,0.02105,0.07528,0.0,0.0,0.01064,3.81081,5.35214,0.11898,0.0,0.57277,3.23421,0.61134,0.03356,0.0,0.01279,0.0,0.19347,0.87927,0.72868,1.07491,3.57929,0.0,0.0,0.19481,0.74797,0.51326,0.10925,0.05316,0.0,0.0,0.0032,0.0,0.0078,0.0,0.0,0.0,0.0,0.02225,0.01434,0.25401,0.0,0.0,0.0,0.0,0.0,0.04255,0.00298,0.16689,0.01503,0.0,0.01565,0.0,0.03618,0.0,0.07135,0.00451,0.00373,0.0,0.0,0.61843,0.0,0.0,0.18819,0.0018,0.0,0.0,0.0,0.0,0.0,0.0,0.0,0.0,0.0,0.0,0.0,0.03902,0.0,0.0,0.0,0.0,0.0,0.0,0.0,0.0,0.0,0.0,0.0,0.0,0.13074,0.02381,0.0,0.00613,0.0,0.42821,0.0,0.0,0.0,0.0075,0.0,0.0065,0.0,0.00464,0.0,0.54147,0.0,0.0,0.01194,0.00799,0.0,0.0,0.0,0.0,0.0,0.0,0.0,0.02081,0.0,0.00764,0.0,0.03741,0.0,0.0,0.05297,0.07116,0.0,0.0,0.06896,0.40585,0.29381,0.0,0.0,0.13108,0.0,0.0,0.0,0.0,0.0,0.0,0.0,0.0,0.0,0.0,0.0,0.0,0.0,0.0,0.02406,0.0,0.0,0.0,0.00761,0.02983,0.0,0.00514,0.0,0.08725,0.11389,0.0,0.0,0.0,0.04523,0.07849,0.01485,0.09275,9.45381,0.0,0.0,0.0,0.0,0.10356,0.0,0.05508,0.0,0.51924,0.0,0.0,0.00739,0.5422,0.0,0.0,0.0,0.12723,0.15676,0.02914,0.0,0.00946,0.10304,0.04747,0.05373,0.01466,0.02464,0.00526,0.0,0.05411,0.01718,1.04479,0.1061,0.0,0.0,0.0,0.0,0.25726,0.0,0.0,0.0,0.0,0.03685,0.04339,0.0,0.0,0.0,0.0,0.0,0.0,0.0,0.0055,0.0,0.0,0.05353,0.0,0.0,0.0,0.0,0.0,0.0,0.0,0.0,0.0,0.0,0
MSM_L1_C2,0.0,0.0,0.0,0.0,0.0,83.38591,0.0,0.0,0.0,0.0,0.0,0.0,0.0,0.0,0.0,0.0,0.0,0.0,0.0,0.63086,0.0,0.0,0.0,0.0,0.0,0.0,0.05778,0.0,0.0294,0.0,0.0,0.0,0.0,0.0,0.0,0.0,2.41328,0.0,0.00394,0.0,0.0,0.00769,0.0,0.0,0.0,0.0,0.0,0.0,0.0,0.0,0.0,0.0,0.0063,0.0,0.0,0.0,0.0,0.07127,0.0,0.00849,0.0,0.01422,0.0,0.0,0.01392,0.0,0.01472,0.0,0.0,0.0,0.01056,0.0,0.55396,0.0,0.0,0.0,0.0104,0.0,0.0,0.0,0.0,0.0,0.0,0.0,0.0,0.0,0.0,0.0,0.06451,0.0,0.0,0.0,0.0,0.0,0.0,0.0,0.0,0.0,0.0,0.00336,0.0,0.00797,0.0,0.02881,0.0,0.0,0.0,0.0,0.0,0.00944,0.0,0.0,0.0,0.0,0.0,0.0,0.00233,0.0,0.0,0.0,0.0,0.00753,0.004,0.02371,0.0,0.0,0.0,0.0,0.0,0.0,0.0,0.0,0.01511,1.90128,0.0,0.00949,0.0,0.0,0.0,0.0,0.0,0.0,0.0,0.02148,0.0,0.0,0.0,0.0,0.00402,0.0,0.0,0.0,0.0,0.0,0.0,0.0,0.0,0.0,0.0,0.0,0.04593,0.0,0.0,0.0,0.0,0.0,0.0,0.0,0.0,0.0,0.0,0.0,0.0,0.67554,0.00051,0.0,0.0,0.0,0.0,0.0,0.0,0.0,0.0,0.0,0.0,0.00515,0.0,0.0,0.0,0.00437,0.0,0.0,0.0,0.0,0.0,0.0,0.01677,0.0,0.0,0.17169,0.0,0.0,0.0,0.01344,0.09857,0.0,0.0,0.0,0.0,0.0,0.0,0.0,0.0,0.0,0.0,0.0,0.0,0.0,0.0,0.0,0.0,0.04195,0.14486,0.0,0.0,0.0,0.0,0.0,0.0,0.0005,0.0,0.0,0.0,0.0,0.0,0.0,0.0,0.0,0.0,0.0,0.0,0.0,0.0,0.0,0.0,0.01962,0.0,0.0,0.0,0.0,0.0,0.0,0.0,0.0,0.0,0.0,0.0,0.0,0.0,0.0,0.0,0.0,0.0,0.0,0.0,0.0,0.0,0.0,0.0,0.0,0.0,0.0,0.07248,0.0,0.0,0.0,0.0,0.0,0.00203,0.0,0.00025,0.0,3.88513,0.0,0.0,0.0,0.0,0.00174,0.0,0.0,0.0,0.0,0.0,0.0,0.0038,0.0,0.0,0.0,0.30979,0.03043,0.0,0.00206,0.0,0.0,0.0,0.0,0.0,0.00438,0.00091,0.0,0.0,0.0,0.0,0.0,0.0,0.0,0.0,0.53322,0.0,0.0,0.0,0.0,0.0,0.0,0.02248,0.0,0.00082,0.00115,0.0,0.0,0.0,0.0,0.0,0.01129,0.00818,0.0,0.0,0.0,0.0,0.0,0.01676,0.0,0.0,0.0,0.0,0.0,0.0,0.0,0.0,0.0,0.0,0.0,0.0,0.00862,0.0,0.0,0.0,0.0,0.0,0.1681,0.0,0.0,0.0,0.0,0.0,0.0,0.0,0.0,0.02848,0.0,0.0,0.0,0.0,0.0,0.0,0.0,0.0,0.0,0.0,0.0,0.0,0.0,0.0,0.0,0.0,0.0,0.0,0.0,0.0,0.0,0.0,0.0,0.0,0.0,0.0,0.0,0.0,0.0,0.0,0.0,0.0,0.0,0.0,0.0,0.0,0.0,0.0,0.0,0.0,0.0,0.0,0.0,0.17766,0.0,0.0,0.0,0.0,0.0,0.0,0.0,0.0,0.0,0.0,0.0,0.0,0.0,0.0,0.0,0.85173,0.0,0.0,0.0,0.0,0.0,0.0,0.0,0.0,0.0,0.0004,0.0,0.0,0.0,0.0,0.46501,0
P022,0.0,0.0,0.0,2.59959,0.0,0.0,0.0,0.0,0.0,0.0,0.0,0.0,2.67788,0.0,0.0,0.0,0.0,0.0,0.0,1.2424,0.0,0.0,0.0,0.39245,0.45696,0.0,0.0,0.50906,0.3375,0.0,0.44243,0.0,0.0,0.0,0.57387,0.00628,15.51569,0.0,0.0,0.01677,0.0,0.12508,0.0,0.0,0.0,0.0,0.0,0.0,0.51328,0.10763,0.42201,0.0,0.23575,4.37365,0.0,0.0,0.0,1.09231,0.0,2.82422,0.0924,0.28971,0.0,0.04407,0.06345,0.0,0.2091,1.82159,0.0,0.0,0.09938,0.19454,10.33154,0.0,0.0,0.22826,0.08079,0.24968,0.0,0.04288,0.02506,0.74091,0.0,0.21784,0.0,0.0,0.0,0.0,0.21491,0.19865,0.43836,0.0,0.0,0.0,0.0,0.0,0.0,0.03653,0.0,0.0,0.00373,0.12483,0.01806,0.0,0.0,0.06217,0.0,0.0,0.0,0.40588,0.14697,0.22949,0.21733,0.0,0.2211,0.09871,0.0,0.0,0.0,0.0,0.0,0.31847,0.07051,0.03962,0.0,0.2098,0.0,0.09593,0.0,0.00014,0.77661,0.0,0.05901,0.0,0.22335,0.0,0.0,0.21012,0.0,0.0911,0.17863,0.00293,0.76916,0.01527,0.0,0.0,0.0,0.10341,0.04554,0.10346,0.0,0.04532,0.03972,0.0,0.0,0.0,0.08187,0.06141,0.26856,0.0,0.16999,0.0,0.0,0.0,0.01142,0.0,0.1266,0.02202,0.0,0.0,0.28205,0.0,0.0,1.02296,0.30906,0.0,0.0,0.0,0.00382,0.00529,0.0,0.02348,0.0,0.0,0.0,0.0,0.0,0.99564,0.0,0.11515,0.0,0.0,0.0,0.0,0.01744,0.0,0.03462,0.02499,0.71799,0.00184,0.0,0.39109,0.0,0.00376,0.3736,0.01816,0.0,0.0059,0.02046,0.0,0.0,0.00838,0.0,0.31897,0.0,0.0,0.0,0.0,0.0,0.0,0.0,0.0,1.21358,0.0,0.0,0.0,0.0,0.0,0.19368,0.4029,0.29516,0.0,0.0,0.0,0.39501,0.0,0.0,0.0,0.09876,0.0,0.0,0.04203,0.0,0.0,0.01872,0.18779,0.0,0.03554,0.03871,0.02778,0.19526,0.0,0.03023,0.0,0.0,0.01877,0.0,0.01115,0.18335,0.0,0.00747,0.03503,0.0,0.00082,0.00882,0.00955,0.05619,0.00796,0.0,0.0,0.00258,0.01586,0.02454,0.01235,0.0,0.0,0.0,0.0,0.00104,0.00727,0.36476,0.0,1.14711,0.0,0.0,0.0,0.0,0.01386,0.08884,0.92167,0.08732,0.0,0.0,0.06328,0.0,0.0,0.0,0.0,0.0,0.02851,3.97192,0.0,0.0,0.0,0.00629,0.0,0.03183,1.4202,1.32522,0.03791,0.01388,0.0,0.0,0.0,0.0,0.0,0.0087,1.77534,0.0,0.0,0.72332,0.07315,0.0,0.44161,0.0,0.0,0.0,0.0,0.02316,0.00016,0.0,0.0,0.0,0.07891,0.03699,0.0,0.0,0.0059,1.18928,0.0,0.0,0.0,0.0,0.54143,0.23895,0.0,0.21962,0.10385,0.0,0.28859,0.62803,0.0,0.0,0.03424,0.0063,0.0,0.12839,0.04607,0.01299,0.0,0.01289,0.0,0.01055,0.00284,0.0,0.0,0.0,0.01383,0.03634,0.11853,0.0,0.0,0.0,0.0,1.81976,0.0,0.0,0.0,0.0,0.0,0.0,0.0,0.0,0.02022,0.0,0.0,0.2988,0.0,0.0,0.04062,0.0,0.0,0.0,0.11477,0.0,0.0,0.0,0.0,1.70824,0.0,0.0,0.0,0.0,0.0,0.0,0.0,0.0,0.02092,0.0,0.0,0.0,0.0,0.0,0.0,0.0,0.0,0.0,0.00953,0.06627,0.0,0.0,0.0,0.0,0.0,0.0,0.0,0.1213,0.0,0.0,0.0,0.01258,0.0,0.0,0.0,0.0,0.0,0.0,0.0,0.03436,0.0,0.0,0.0,0.0,0.0,0
MSM_L1_B8,0.0,0.0,0.0,0.0,0.0,0.0,0.0,0.0,0.0,0.0,0.0,0.0,0.0,0.0,0.0,0.0,0.0,0.0,0.0,1.63878,0.0,0.0,0.0,0.0,2.14835,0.0,0.0,2.48035,0.0,0.0,0.0,0.0,0.0,0.0,2.97706,0.0,5.1899,0.0,0.0,0.0,0.0,0.0,0.0,0.0,9.97712,0.0,0.0,0.0,0.0,0.0,0.0,0.0,0.0,0.0,0.27216,0.0,0.0,0.0,0.0,0.72621,0.0,0.02487,0.0,0.0,0.75075,0.0,0.0,8.4675,0.0,0.0,0.0,0.0,17.91231,0.0,0.0,0.0,0.0,0.0,0.0,0.74095,0.0,0.0,0.0,0.0,0.0,0.0,0.0,0.0,0.40832,0.0,0.0,0.0,0.0,0.0,0.0,0.0,0.04765,0.0,0.0,0.0,0.0,1.18524,0.0,0.44213,0.0,0.0,0.0,0.0,0.0,0.16137,0.03551,0.0,0.0177,0.0,0.0,0.0,0.0,0.0,0.0,0.0,0.0,0.0,0.22286,0.0,0.0,1.27894,0.0,0.05756,0.0,0.06859,0.0,0.0,0.06848,0.072,0.09447,0.0,0.0,0.18633,0.0,0.04944,0.0,0.0,0.0,0.16878,0.0,0.0,0.0,0.0,0.08316,0.0,0.0,0.0,0.0,0.0,0.0,0.0,0.0,0.0,0.44847,0.0,0.52974,0.0,0.0,0.0,0.0,0.0,0.0,0.0,0.0,0.0,0.07784,0.0,0.0,2.18773,0.0,0.0,0.0,0.0,0.0,0.0,0.0,0.4508,0.0,0.0,0.0,0.0,0.0,0.0,0.0254,1.00397,0.0,0.0,0.0,0.0,0.02953,0.0,0.74116,0.0,0.0,0.0,0.0,0.0,0.0,0.06672,0.25813,0.02937,0.0,0.0,0.0,0.0,0.0,0.0,0.05695,2.41232,0.0,0.0,0.0,0.0,0.0,0.0,0.0,0.0,1.48809,0.0,0.0,0.0,0.0,0.0,0.0,0.60928,0.0,0.0,0.0,0.0,0.0,0.0,0.0,0.0,0.0,0.0,0.0,0.0,0.0,0.0,0.24585,0.0,0.0,0.0,0.23888,0.0,0.0,0.0,8.97678,0.0,0.0,0.0,0.0,0.0,0.0,0.0,0.0,0.05679,0.0,0.0,0.11602,0.0,0.0,0.0,0.0,0.0,0.0,0.00172,0.0,0.0,0.0,0.0,0.0,0.0,0.00164,0.1526,0.28196,0.0,4.08622,2.45829,0.0,0.0,0.0,0.38846,0.02006,0.0,0.0,0.30246,0.0,0.0,0.0,0.0,0.00399,0.0,0.06259,0.30821,0.0,0.84979,0.0,0.0,0.0,0.0,0.05429,0.0,0.0,0.0,0.01145,0.0,0.0,0.0,0.0,0.0,0.00551,0.0,0.0,0.0,0.0,2.74032,0.0,0.0,0.00013,0.00251,0.0,0.0,0.0,0.04098,0.0,0.0,0.0,0.13054,0.29247,0.0,0.0,0.0,0.0,0.0,1.49619,0.0,0.0,0.0,0.0,0.0,0.0,0.0,0.0,0.0,0.0,0.0,0.0,0.0,0.51895,0.11767,0.0,0.0,0.0,0.0,0.0,0.0,0.07968,0.0,0.0,0.0,0.0,0.0,0.0,0.0,0.0,0.0,0.0,0.0,0.0,0.0,0.0,0.0,0.0,0.0,0.0,0.0,0.0,0.0,0.0,0.0,0.0,0.0,0.0,0.0,0.0,0.0,0.0,0.0,0.11799,0.0,0.0,0.0,0.0,0.0,0.0,0.0,0.0,0.0,0.0,0.0,0.0,0.0,0.0,0.0,0.0,0.0,0.0,0.0,0.0,0.0,0.0,0.0,0.0,0.0,0.0,0.0,0.0,0.0,0.0,0.0,0.0,0.0,0.0,0.0,0.0,0.0,0.0,0.0,0.0,0.0,0.0,0.0,0.20919,0.0,0.0,0.0,0.0,0.01982,0
MSM_L1_C7,0.0,0.0,0.0,0.0,0.0,0.0,0.0,0.0,0.0,0.0,0.0,0.0,1.70709,0.0,0.0,0.0,0.0,0.0,0.0,2.29541,0.0,0.0,0.0,0.52972,0.0,0.0,0.0,0.05632,0.01011,0.0,0.0,0.0,0.0,0.0,0.0,0.0,19.50616,0.0,0.11766,0.0,0.0,0.0,0.0,0.0,0.0,0.0,0.0,0.0,0.0,0.0,0.0,0.0,1.29727,0.70558,0.0,0.0,0.0,0.0,0.0,0.0,0.04044,0.0,0.0,0.0,0.83373,0.0,0.55982,0.0,0.0,0.0,0.01932,2.22783,15.5918,0.0,0.0,0.00223,0.02423,0.0929,0.0,0.10048,0.0,0.0,0.0,0.0,0.0,0.0,0.0,0.0,1.13281,0.27011,0.53571,0.0,0.0,0.0,0.0,0.0,0.0,0.0,0.0,0.0,0.0,0.59631,0.0,1.04305,0.0,0.0,0.0,0.0,0.0,0.0,0.03509,0.0,0.33965,0.0,0.0,0.0187,0.27799,0.0,0.0,0.0,0.0,0.0,0.29113,0.00798,0.0,0.0,0.0,0.05864,0.0,0.0,0.10545,0.0,0.09347,0.39726,0.0,0.0,0.0,0.0,0.0,0.0,1.33487,0.0,0.0,0.00419,0.0,0.0,0.0,0.0,0.00669,0.0,0.0,0.0,0.0,0.0,0.0,0.0,0.0,0.0,0.2093,0.0,0.02112,0.0,0.0,0.0,0.0,0.0,0.0,0.0,0.0,0.0,0.0,0.0,0.0,0.95133,0.62816,0.0,0.0,0.0,0.0,0.0,0.0,0.07928,0.0,0.0,0.0,0.0,0.0,0.0,0.0,0.02704,0.0,0.0,0.0,0.0,0.0,0.0,0.02549,0.0,0.0,0.03672,0.0,0.0,0.0,0.28189,3.30987,0.01301,0.0,0.0,0.0,0.0,0.0,0.0,0.61645,0.73647,0.0,0.0,0.0,0.0,0.0,0.0,0.0,0.0,0.70087,0.0,0.0,0.0,0.0,0.0,0.0,0.0,0.0,0.0,0.0,0.0,0.0,0.0,0.0,0.0,0.0,0.0,0.0,0.0,0.0,0.0,0.0116,0.0,0.0,0.0,0.0,0.0,0.75774,0.0,6.4852,0.0,0.0,0.00658,0.0,0.0,0.27251,0.0,0.0,0.0,0.0,0.0,0.0,0.01664,0.0,0.00219,0.0,0.0,0.0,0.0,0.0,0.0,0.0,0.0,0.09445,0.0,0.07978,0.0,0.0,0.0,0.0,4.0776,0.0,0.0,0.0,0.07299,0.04516,0.0,0.00189,0.2116,0.0,1.92542,0.0,0.0,0.0021,0.0,1.06593,0.12775,0.0,0.0,0.39823,0.0,0.0,0.0,0.01731,0.94231,0.0,0.0,0.0,0.0,0.0,0.03909,0.0,0.0,0.0,2.32842,0.0,0.0,0.18426,2.49205,0.0,0.0,0.0,0.0,0.0,0.0,0.4216,0.00828,0.13324,0.0,0.0,0.08254,0.08288,0.0,0.0,0.0,0.0,0.0,0.0,0.22335,0.0,0.0,0.0,0.0,0.0,0.0,0.0,0.0,0.0,0.0,0.0,0.0,0.01606,0.0,0.0,0.0,0.0,0.0,0.0,0.0,0.0,0.0,0.0,0.0,0.0,0.0,0.0,0.0,0.0,0.0,0.0,0.0,4.42337,0.0,0.0,0.0,0.0,0.0,0.0,0.0,0.0,0.0,0.0,0.0,0.0,0.0,0.0,0.0,0.0,0.0,0.0,0.0,0.0,0.0,0.0,0.0,0.0,0.0,0.0,0.0,0.0,0.0,0.0,0.0,0.0,0.0,0.0,0.0,0.0,0.0,0.0,0.0,0.0,0.0,0.0,0.0,0.0,0.0,0.0,0.0,0.0,0.0,0.0,0.0,0.0,0.0,0.0,0.0,0.0,0.0,0.0,0.0,0.0,0.0,0.0,0.0,0.0,0.0,0.0,0.0,0.0,0.17029,0
MSM_L2_F3,0.0,0.0,0.0,0.0,0.0,0.0,0.0,0.0,0.0,0.0,0.0,0.0,0.29409,0.0,0.0,0.0,0.0,0.0,0.0,0.89118,0.0,0.0,0.0,0.76303,0.0,0.0,0.0,2.54347,0.27506,0.0,0.0,0.0,0.0,0.0,0.43059,0.0,0.62669,0.0,0.0,0.0,0.0,0.18641,0.0,0.0,0.0,1.23026,0.0,0.0,0.38339,0.01676,0.29528,0.0,0.37766,1.65521,0.0,0.0,0.0,0.13169,0.0,7.53191,0.24509,0.63714,0.0,0.91565,0.06321,0.0,0.0,3.41575,0.0,0.0,0.02517,0.74243,4.03381,0.0,0.0,0.28074,1.23128,0.37682,0.0,0.98066,0.0,0.0,0.0,0.11445,0.0,0.0,0.0,0.0,0.34464,0.38069,0.0,0.0,0.0,0.0,0.0,0.0,0.0,0.0,0.08892,0.0,0.0,0.05887,0.0,6.05975,0.16023,0.05063,0.0,0.0,0.0,0.00218,0.37449,0.0,0.6058,0.0,0.48856,0.1314,6.95433,0.0,0.0,0.0,0.0,0.17829,0.64953,0.05315,0.0,0.18009,0.0,0.00633,1.47529,0.0,0.92324,0.0,0.04903,0.09492,1.41905,0.0,0.0,0.0,0.0,0.09437,0.30991,0.14239,0.49608,0.01002,0.0,0.0,0.0,0.16537,0.01278,0.39963,0.0,0.0,0.0,0.0,0.0,0.0,0.01991,0.00028,0.02361,0.0,4.97927,0.0,0.0,0.0,0.0,0.07137,0.11424,0.0,0.0,0.0,1.08583,0.0,0.0,0.11086,0.00808,0.0,0.0,0.0,0.00013,0.0514,0.0,0.05284,0.0,0.0,0.0,0.00234,0.0,0.0,0.0,0.00299,0.0,0.30246,0.0651,0.0,0.0,0.0,0.02976,0.1836,0.0,0.00066,0.0,8.22583,0.0,0.0,1.9488,0.04591,0.0,0.0,0.15288,0.0,0.0,0.0,0.0,0.33157,0.01838,0.0,0.0,0.0,0.0,0.0,0.0,0.0,0.10421,0.0,0.0,0.0,0.0,0.0,0.0,0.23399,0.0,0.0,0.0,0.0,0.0,0.0,0.0,0.0,0.0,0.0,0.0,0.07829,0.0,0.0,0.0,0.0,0.0,0.06472,0.08971,0.0,0.0,0.0,4.71156,0.00011,0.0,0.0,0.01149,0.00226,0.0,0.0,0.0,0.0,0.0,0.0,0.0,0.08472,0.0,0.0,0.0,0.0,0.00217,0.0,0.0,0.0,0.0,0.0,0.04816,0.0,0.0,0.0,0.157,0.0,1.90105,0.0,0.0,0.0,0.0,0.00934,0.08183,0.0,0.0,0.0,0.0,0.12112,0.10494,0.0,0.0,0.74298,0.0,0.0,0.11852,0.0,0.0,0.0,0.0341,0.0,0.0,0.30357,1.15914,0.0,0.0206,0.04116,0.08858,0.0117,0.0,0.0,0.0,0.11524,0.0,0.00298,0.3922,0.0,0.0,0.0,0.0,0.0,0.0,0.0,0.00058,0.01376,0.00716,0.0,0.0,0.04526,0.06439,0.0,0.0,0.0,1.18001,0.0,3.06214,0.85734,0.0,0.04001,0.0132,0.0,0.02888,0.0,0.0,0.01162,0.0,0.0,0.0,0.0,0.0,0.0,0.0,0.0,0.0,0.0,0.0,0.0,0.0,0.0,0.0,0.0,0.0,0.0,0.08372,0.00836,0.0,0.0,0.0,0.0,0.0,0.0,0.0,0.0,0.0,0.0,0.0,0.0,0.0,0.0,0.0,0.0,0.0,0.0,0.0,0.0,0.0,0.0,0.0,0.0,0.0,0.0,0.0,0.0,0.0,0.0,0.0,0.0,0.0,0.0,0.0,0.0,0.0,0.0,0.00337,0.0,0.0,0.0,0.0,0.0,0.0,0.0,0.0,0.0,0.01798,0.0,0.0,0.0,0.0,0.0,0.05631,0.0,0.0,0.0,0.069,0.0,0.0,0.0,0.0,0.0,0.0,0.0,0.0,0.0,0.0,0.0,0.0,0.0,0.0,0.0,0
MSM_L1_B1,1.28354,0.0,6.98497,0.0,0.39563,9.78702,0.19326,0.0,3.07216,0.0,0.0,4.47776,0.02634,0.98075,0.0,5.37592,0.0,1.60536,0.0,0.737,1.681,0.0,0.386,0.0,0.00449,6.06971,0.01755,4.12394,0.15573,0.0,0.0,0.0,0.0,0.0,0.82811,0.08659,2.31117,0.34692,0.01928,0.0,0.0,0.04341,0.0,0.0,0.0,1.58142,0.20434,0.0,0.0,0.40913,0.16289,0.0,0.63251,1.96386,4.08916,0.54515,0.0,0.0,0.0,0.63712,0.31081,0.02388,0.0,0.0,0.23064,0.00534,0.38523,0.72229,0.0,0.0,2.18397,0.65501,0.22746,0.07766,0.0,0.02577,0.39716,0.0,0.33881,0.04674,0.42307,0.0,0.03541,0.01621,0.0,0.0,0.0,0.0,0.05675,0.00356,0.01274,0.06108,1.65668,0.03378,0.05178,0.0,0.05791,0.0,0.16761,0.03668,0.0,0.00784,0.01942,0.02457,0.0,0.015,0.0,0.0,0.0,0.30811,0.03659,0.0,0.01562,0.0,0.06483,0.0491,0.03806,0.0,0.01094,0.0,0.44026,0.4883,0.16978,0.02664,0.05631,0.4813,0.0,0.0067,0.02145,0.00263,0.02473,0.09311,0.16979,0.09047,2.93786,0.22176,0.21712,0.0,0.2859,0.03626,0.00469,0.01281,0.53497,0.0103,0.0772,0.0,3.77207,0.09157,0.0031,0.0089,0.0,0.0,0.0,0.0,0.0,0.0,0.00438,0.00552,0.00351,0.0,0.56642,0.0,0.0,0.00847,0.0,0.17889,0.0756,0.06104,0.03438,0.0,0.45011,0.0,0.0,0.20216,0.0,0.03408,0.0,0.0,0.02844,0.0,0.00368,0.16985,0.01352,3.3905,0.06769,0.01237,0.02124,0.0,0.07963,0.03669,0.04031,0.05481,0.03776,0.24313,0.01108,0.00189,0.17678,0.07602,0.0,0.0,0.0,0.21511,0.02121,0.0,0.2732,0.14366,0.0,0.0,0.04491,0.0,0.0,0.0,0.73439,0.13311,0.21845,0.01036,0.0,0.0,0.0,0.0,0.0,0.0,0.11958,0.0,0.0,0.0,0.0,0.0,0.0,0.05663,0.0,0.0,0.17774,0.0,0.13645,3.13791,0.0,0.0,0.0,0.08831,0.07274,0.0,0.0,0.0,0.0,0.01379,0.0,0.00143,0.04776,0.0,0.0,0.0,0.09287,0.0,0.0,0.03297,0.0,0.00214,0.0,0.03323,0.0,0.0,0.0,0.0,0.0,0.01884,0.0,0.00113,0.00995,0.09346,0.00352,0.76488,0.0,0.01261,0.0,0.09846,0.0,0.0,0.00239,0.0,0.00424,0.0,0.00639,0.0,0.0,0.0,0.53694,0.0,0.0,0.61545,0.0,0.07961,0.0,0.05549,0.00096,0.0,0.0,0.11757,0.0,0.0,0.0,0.0,0.05414,0.0,0.0,0.0,0.0,0.01203,0.01186,0.0,0.0,0.00873,0.00939,0.0,0.0,0.00853,0.00107,0.0,0.0,0.00927,0.00694,0.04043,0.00267,0.0,0.0,0.0,0.01956,0.0,0.0,0.0,0.01339,0.0,0.01271,0.0,0.07582,0.00335,0.0419,0.0,0.44127,0.0,0.0,0.00241,0.0,0.03026,0.65195,0.25597,0.22325,0.12284,0.0,0.0,0.32697,0.0,0.0,0.0,0.0,0.0,0.0,0.0,0.0,0.0,0.0,0.13744,0.0,0.0,0.07984,0.01892,0.08066,0.0,0.00551,0.0,0.0,0.38009,0.0,0.0,0.0,0.0,0.0,0.0,0.0213,0.0,0.0,0.0,0.0,0.54236,0.0,0.0,0.01815,0.0,0.0,0.0,0.0,0.0,0.0,0.0,0.0,0.0,0.09567,0.04358,0.02177,0.0,0.00423,0.0,0.0,0.0,0.0,0.0,0.0,0.0,0.0,0.0,0.0,0.0,0.0,0.0,0.0,0.0,0.0,0.0,0.0,0.0,0.0,0.0,0.0,0.0,0.0,0.0,0.0,0.0,0.0,0.0,0.0,0.0,0.0,0.0,0.0,0.0,0.0,0.0,0.0,0.0,0.0,0.0,0.0,0.0,0
MSM_L2_F7,0.00355,0.0,0.05022,0.01134,0.0,0.08703,0.0235,0.00121,0.0167,0.0,0.0,0.02122,1.27552,0.01308,0.0,0.0,0.0,0.02286,0.0,0.25521,0.0,0.0,0.0,0.81447,0.0,0.00137,0.0,2.87302,4.64213,0.0,0.02694,0.0,0.0,0.0,1.1404,0.00462,18.86094,0.0,0.0,0.0,0.0,0.14636,0.0,0.02177,0.00186,0.5264,0.0,0.0,0.0,0.04051,0.42967,0.0,0.51807,3.22801,0.30646,0.0,0.02771,0.0,0.0,0.9404,0.31049,0.18154,0.00049,0.25934,0.08156,0.0,0.26259,2.97187,0.0,0.0,0.11874,0.48064,3.55725,0.0,0.0,0.09815,1.66023,0.21531,0.00051,0.02032,0.01241,0.0,0.03641,0.18996,0.0,0.0,0.0,0.0,0.81676,0.40745,0.0,0.0,0.00605,0.0,0.0,0.0,0.0,0.0,0.0,0.0,0.0,0.13469,0.0,2.54775,0.0,0.0,0.0,0.0,0.0,0.00751,0.41236,0.00703,0.1754,0.0,1.05599,0.0,0.0,0.0,0.0,0.0,0.0,0.15533,0.24066,0.0,0.0,0.08373,0.0,0.09163,3.1536,0.0,0.02155,0.0,0.06857,0.04103,1.38908,0.0,0.0,0.13788,0.0,0.0,0.33023,0.0,0.03688,0.0,0.00037,0.0,0.0,0.08856,0.01316,0.0,0.27452,0.0,0.0,0.0,0.0,0.0,0.04582,0.0,0.00663,0.0,0.57913,0.0,0.0,0.0,0.05231,0.11631,0.02879,0.0,0.22652,0.0,1.19923,0.0,0.0,0.0,0.00922,0.0,0.04306,0.0,0.0,0.0,0.0,0.08067,0.0,0.0,0.0,0.0,0.0,0.0,0.0,0.02046,0.0,0.54972,0.03291,0.0,0.0,0.0,0.02212,0.12845,0.0,0.00624,0.0,0.0,0.00371,0.00074,1.95837,0.00141,0.0,0.03475,0.0411,0.0,0.0,0.0,0.0,0.75225,0.00201,0.0,0.0,0.0,0.0,0.00018,0.06675,0.0,1.26642,0.0,0.0,0.11791,0.00644,0.0,0.0,0.42261,0.0,0.0,0.0,0.0,0.0137,0.10796,0.0,0.0,0.0,0.0,0.0,0.0,0.0,0.0,0.0,0.0,0.0,0.0,0.0,0.0,0.0,0.0,5.9511,0.0,0.01261,0.0,0.0,0.0,0.0,0.0,0.0,0.0,0.0,0.0,0.0,0.0,0.0,0.0,0.0,0.0,0.02004,0.27462,0.0,0.0,0.0,0.0,0.02566,0.0,0.26615,0.0,0.04332,0.0,0.0,0.0,0.0,0.0126,0.0,0.0,0.05016,0.0,0.0,0.06045,0.0,0.0,0.17936,0.0,0.0,0.0,0.00023,0.0,2.34343,0.0,0.0,0.0,0.0,0.0,0.00263,3.70308,0.20386,0.0,0.0,0.0,0.05507,0.08562,0.0,0.0036,0.0,1.82246,0.0,0.23432,1.68253,2.51857,7.90586,0.0,0.09021,0.0,0.00753,0.09078,0.01499,0.01102,0.0,0.0,0.0,0.0,0.0,0.0,0.0,0.0,1.6163,0.0,0.0,0.0,0.0,0.1023,0.00504,0.0,0.01327,0.0,0.0,0.01329,0.01567,0.0,0.05213,0.0,0.0,0.0,0.0,0.0,0.0,0.0,0.0,0.09903,0.0,0.0,0.0,0.0,0.0,0.0,0.18246,0.0,0.0,0.00225,0.0,0.0,0.0,0.0,0.0,0.0,0.0,0.29526,0.0373,0.0,0.0,0.00404,0.0,0.0217,0.00191,0.0,0.0,0.00019,0.0,0.0,0.0,0.0,0.0,0.0,0.0,0.0,0.0,0.0,0.0,0.0,0.0,0.0,0.0,0.0,0.0,0.0,0.0,0.0,0.0,0.0,0.01563,0.0,0.0,0.0,0.0,0.0,0.0,0.0,0.00761,0.0,0.0,0.0,0.0,0.0,0.0,0.0,0.52399,0.0,0.0,0.0,0.04378,0.0,0.0,0.0,0.0,0.0,0.0,0.00247,0.0,0.0,0.0,0.0,0
MSM_L2_F6,0.0,0.0,0.0,0.0,0.0,0.0,0.0,0.0,0.0,0.0,0.0,0.0,1.87192,0.0,0.0,0.0,0.0,0.0,0.0,0.57775,0.0,0.0,0.0,0.1168,0.0,0.0,0.0,2.31518,2.28012,0.0,0.14378,0.0,0.0,0.0,0.66402,0.00375,4.2621,0.0,0.0,0.0282,0.0,6.72891,0.0,0.0,4.75297,1.46597,0.0,0.0,0.0,0.0879,4.34836,0.0,0.35107,0.44217,0.0,0.0,0.0,0.0946,0.0,1.01624,0.1021,0.23826,0.0,0.34302,0.0328,0.0,0.0,0.03003,0.0,0.0,0.0,0.17518,3.37418,0.0,0.0,0.05069,0.00832,0.12402,0.0,0.01205,1.38363,0.0,0.08305,0.0,0.0,0.0,0.0,0.0,0.37431,0.98517,0.0,0.0,0.0,0.00347,0.0,0.0,0.0,0.0483,0.0,1.70705,0.15854,0.00674,0.10131,0.0,0.03941,0.05164,0.0,0.0,0.0,0.03038,0.23929,0.05754,0.07026,0.0,0.28633,0.11056,0.0,0.0,1.29439,0.0,0.05912,0.13071,0.35326,0.81346,0.0,0.11159,0.0,0.03575,1.0719,0.0,0.7561,0.0,0.20704,0.01482,1.49297,0.0,0.0,1.67375,0.0,0.0,0.39685,0.0,0.0381,0.00467,0.0,0.09983,0.0,0.21805,0.01614,0.44539,0.0,0.0,0.00064,0.00161,0.00554,0.0,0.03056,0.00253,2.06522,0.0,4.02653,0.0,0.0,0.0,0.0,0.00377,0.20674,0.0419,0.05933,0.0,0.72896,0.01658,0.0,0.14587,0.0,0.0,0.11368,0.0,0.00406,0.0,0.0,0.04504,0.0,0.0,0.0,0.00153,0.0,0.34326,0.0,0.01362,0.08725,0.19634,0.07657,0.0,0.01257,0.0,0.06433,0.02338,1.00642,0.01354,0.0,0.28954,0.00144,0.0,1.05872,0.03183,0.0,0.02544,0.38489,0.00117,0.0,0.00134,0.00996,0.23135,0.1508,0.0,0.0,0.0,0.0,0.00397,5.04237,0.0,0.65049,0.0,0.0,0.0,0.0,0.0,0.0,0.33275,0.0,0.0,0.0,0.0,0.06165,0.0,0.0,0.0,0.0,0.0,0.06972,0.01873,0.03285,0.0,0.0,0.0179,0.0,0.00633,0.0,0.0,0.0,0.0,3.5947,0.00141,0.0,0.01303,0.09896,0.0074,0.00652,0.0,0.00726,0.0,0.0,0.00559,0.0029,0.02571,0.0,0.0001,0.0,0.0,0.00615,0.0106,0.0,0.01877,0.0,0.0,0.01435,0.0,0.01262,0.01087,0.08996,0.0,0.08032,0.0,0.0,0.0,0.0,0.0,0.0,0.0,0.0,0.0,0.0,1.32862,0.06387,0.0,0.0,0.89876,0.0,0.0,4.85427,0.00041,0.0,0.0,0.01483,0.68432,0.00071,0.33311,0.03501,0.01346,0.0,0.01842,0.01251,0.00026,0.0,0.00034,0.00214,0.09766,0.0,0.02926,1.14478,0.0,0.0,0.06299,0.00602,0.0,0.0,0.0,0.053,0.0,0.00364,0.0,0.00342,0.02154,0.01986,0.0,0.25651,0.1415,0.08801,0.0,3.08911,0.0,2.40827,0.0,0.28353,0.0,3.63266,0.00052,0.34125,0.00399,0.0,0.0,0.07346,0.0,0.0,0.0,0.0,0.0,0.0,0.0,0.0,0.0,0.0,0.0,0.0,0.00728,0.03195,0.04263,0.02756,0.0,0.0,0.0,0.0,0.0,0.51105,0.01268,0.0,0.0,0.0,0.0,0.0,0.0,0.0,0.0,0.0,0.0,0.0,0.0,0.0,0.0,0.0,0.0,0.0,0.0,0.0,0.0,0.0,0.0,0.0,0.0,0.00376,0.0,0.11287,0.0,0.0,0.44426,0.07692,0.2389,0.16719,0.0,0.0,0.35584,0.0,0.0,0.0,0.0,0.0,0.03694,0.01818,0.0,0.00205,0.07432,0.02327,0.0,0.3683,0.0,0.0,0.0,0.06917,0.0,0.02615,0.0,0.0,0.0,0.0,0.0,0.0,0.0,0.0,0.0,0.0,0.0,0.0,0.0,0
MSM_L1_A12,0.0,0.0,0.0,0.0,0.0,0.0,0.0,0.0,0.0,0.0,0.0,0.0,2.28911,0.0,0.0,0.0,0.0,0.0,0.0,1.44428,0.0,0.0,0.0,0.19652,0.89564,0.0,0.0,0.0,0.88166,0.0,4.41213,0.0,0.0,0.0,0.27376,0.0,0.10896,0.0,0.0,0.0,0.0,0.1788,0.0,0.44695,0.0,0.0,0.0,0.0,0.0,0.0,0.53232,0.0,0.17888,1.8098,0.0,0.0,0.0,0.01308,0.0,2.21712,0.0,0.04604,0.0,0.01346,0.14113,0.0,0.0,0.47061,0.0,0.0,0.11754,0.09148,3.03418,0.0,0.0,0.05643,0.17497,0.0,0.0,0.77114,0.0,0.0,0.0,0.18347,0.0,0.0,0.0,0.0,0.75364,0.0,0.0,0.22237,0.0,0.0,0.15885,0.0,0.0,0.0,0.00669,0.0074,0.065,0.02539,0.0,0.15906,0.0,0.0,0.0,0.0,0.0,0.15018,0.03628,0.0,0.10523,0.0,0.2439,0.15506,4.95623,0.0,0.0481,1.23969,0.0,1.51264,0.24151,0.02119,0.0,0.32191,0.0,0.03187,0.0,0.016,0.0,0.16982,0.36819,0.02367,4.5702,0.0,0.067,0.01552,0.0,0.0,1.28319,0.00476,0.08719,0.00055,0.02367,0.0,0.0,0.0,0.00856,0.06766,0.0,0.0,0.0,0.0,0.02071,0.0,0.04971,0.03324,0.38098,0.0,0.70198,0.0,0.0,0.0,0.0,0.006,0.03269,0.00268,0.02495,0.0,0.22315,0.0,0.0,0.305,0.00846,0.0,0.0,0.0,0.01504,0.0,0.00547,0.01615,0.0,0.0,0.0,0.01577,0.0,0.0,0.0,0.17181,0.01223,0.0,0.0,0.0,0.0022,0.0,0.0006,0.01798,0.63856,0.0,0.0,0.39282,0.0,0.0,0.15592,0.02429,0.01195,0.00138,0.02605,0.0,0.0,0.00835,0.20245,0.39264,0.21305,0.0,0.0,0.0,0.0,0.0,1.70013,0.0,0.0,0.0,0.0,0.0,0.0,0.0,0.0,0.29666,0.0,0.0,0.0,0.0,0.35571,0.0,0.0,0.0,0.0,0.06736,0.0,0.0227,0.00698,0.0,0.01371,0.0,0.0,0.03995,0.0,0.0,0.24213,0.26242,4.32046,0.0,0.51603,0.15604,0.0,0.03596,0.03287,0.0,0.00242,0.0,0.0,0.0011,0.00266,0.0009,0.00311,0.00734,0.0,0.0,0.00095,0.0037,0.02077,0.0,0.0,0.0,0.0,0.0,0.0,0.19345,0.7312,0.0,10.32636,0.0,0.0,0.0,0.0,0.0,0.00431,0.0,0.10392,0.0,0.0,0.09124,0.0,0.0,0.00318,0.0,0.00702,0.16409,0.00137,0.00896,0.13403,0.0,0.00248,0.54557,0.01155,5.48642,0.0,0.00348,0.00028,0.0,0.0,0.00607,0.0,0.0,0.00055,0.0,0.0,0.0,0.0,0.0,0.0,0.0,0.0,0.00116,0.0,0.0,0.07365,0.00123,0.0,0.0,0.0,0.08024,0.08306,0.09786,0.79905,0.01637,0.32299,0.0,1.64816,0.01162,1.23891,0.0,0.0,0.0,5.52922,0.0,0.0,0.05378,0.00788,0.0,0.0,0.0,0.02526,0.0,0.0,0.01102,0.05744,2.62928,0.0,0.29171,0.0,0.0,0.0,0.00116,0.0,0.0,0.0,0.0,0.0,0.0,0.0,0.0,2.94512,0.0,0.0,0.0,0.0,0.0,0.0,0.0,0.0,0.0,0.0,0.0,0.0,0.0,0.0,0.0,0.0,0.0,0.0,0.0,0.06357,0.15486,0.0,0.0,0.0,0.0,0.0,0.0,0.0,0.0,0.0,0.0,0.0,0.0,0.0,0.0,0.0,0.0,0.0,0.0,0.0,0.0,0.0,0.0,0.0,0.0,0.0,0.02032,0.01056,0.0,0.01032,0.0,0.0,0.0,0.28418,1.74111,0.00521,0.0,0.0,0.0,0.0,0.0,0.0,0.0,0.0,0.0,0.0,0.0,0.0,0.0,0
MSM_L1_C6,0.0,0.0,0.0,0.0,0.0,0.0,0.0,0.0,0.0,0.0,0.0,0.0,0.63403,0.0,0.0,0.0,0.0,5.20144,0.0,0.10146,0.0,0.0,0.0,0.0,0.0,0.0,0.0,0.3106,0.08181,0.0,0.0,0.0,0.0,0.0,0.0,0.0,1.77999,0.0,0.0,0.0,0.0,0.35558,0.0,0.0,0.0,0.35982,0.0,0.0,0.0,0.11621,0.0,0.0,1.08985,2.09239,0.0,0.0,0.0,0.0,0.0,7.84365,0.08804,0.50236,0.0,0.00898,0.09586,0.0,0.0,5.98908,0.0,0.0,3.04846,0.0,0.59176,0.0,0.0,0.03944,3.02163,0.0,0.0,0.03996,0.0,0.0,0.0,0.00718,0.00227,0.0,0.0,0.0,0.04495,0.03444,0.0,0.0,0.0,0.0,0.00754,0.0,0.0,0.0,0.0,0.01176,0.0,0.00295,0.0,2.05294,0.0,0.0,0.0,0.0,0.0,0.13555,0.02446,0.0,0.65438,0.0,1.13929,0.0,0.0,0.0,0.0,0.48621,0.0,1.42741,1.09233,0.0,0.0,5.8577,0.0,0.0,6.49996,0.0,0.07459,0.03684,0.05116,0.54484,0.37368,0.0,0.00328,0.0,0.07175,0.03913,0.01456,0.0,0.0,0.0,0.0,0.0,0.0,0.41804,0.0,0.0,0.0,0.0,0.0,0.07464,0.0,0.0,0.00557,0.0,0.05687,0.0,1.27289,0.0,0.0,0.0,0.0,0.0,0.00623,0.01073,0.09767,0.0,0.52916,0.0,0.0,0.06528,0.02024,0.0,0.0,0.0,0.00036,0.0,0.00497,0.04639,0.0,0.0,0.0,0.05533,0.0,0.0,0.0,0.0,0.0,0.3512,0.01486,0.0,0.0,0.0,0.00489,0.09072,0.0,0.0,0.0,3.83302,0.01356,0.0,0.42996,0.22206,0.0,0.01939,0.0105,0.00353,0.0,0.0,0.0,0.38038,0.0,0.0,0.0,0.0,0.0,0.0,0.00033,0.06201,0.0763,0.0,0.0,0.0,0.0,0.0,0.0,0.02475,0.0,0.0,0.0,0.0,0.0,0.0,0.0,0.0,0.0,0.0,0.01935,0.0,0.0,0.0,0.0,0.0,0.0,0.0,0.0,0.0,0.0808,0.0,0.0,0.0,0.0,0.0,0.0,0.0,0.0,0.0,0.0,0.0,0.0,0.0,0.0,0.05198,0.0,0.0,0.0,0.0,0.00106,0.0,0.0,0.0,0.0,0.0,0.0,0.0,0.88457,0.0,0.02557,0.0,1.15549,0.0,0.00481,0.0,0.0,0.0,0.00813,7.21415,0.0,0.11542,0.79161,0.0,0.10622,3.05211,0.0,0.0,0.00305,0.03152,0.12287,0.0,0.0,0.0,0.0,0.0,0.0,0.0071,0.28268,0.0,0.0,0.0,0.0,0.52319,0.0,0.0,0.0,0.22074,0.0,0.36688,0.04486,0.0,0.0,0.0,0.01541,0.0,0.34603,0.06961,0.0,0.0,0.11357,0.0,0.0,0.0,0.10504,0.0,0.0,0.07741,0.90325,0.0,0.11172,0.12619,0.0,0.0,0.0,0.0,0.0,0.0,0.0,1.69857,0.0,0.0,0.00065,0.0,0.0,0.0,0.0,0.0,0.0,0.0,0.0,5.66902,0.0,0.0,0.0,0.0,0.0,0.0,0.0,0.01174,0.0,0.0,0.0,0.0,0.0,0.0,0.0,0.0,0.0,0.0,0.0,0.0,0.0,0.0,0.0,0.0,0.0,0.0,0.0,0.0,0.0,0.0,0.0,0.0,0.0,0.0,0.0,0.0,0.0,0.0,0.00664,0.0,0.0,0.0,0.0,0.0,0.0,0.0,0.0,0.03884,0.0,0.0,0.0,0.0,0.0,0.0,0.0,0.0,0.0,0.0,0.0,0.0,0.0,0.0,0.0,0.0,0.0,0.0,0.0,0.0,0.0,0.0,0.0,0.0,0.0,0.0,0.0,0.0,0.0,0.0,0.0,0.0,0.0,0.0,0
P004,1.10569,0.83301,13.73858,5.88788,0.0,35.30521,0.0,0.0,0.74039,0.0,0.0,0.0,0.11539,0.45568,0.0,0.83002,0.24868,0.1055,0.0,0.17526,0.0,1.88799,0.08361,0.0401,0.00322,3.52255,0.01801,0.09513,0.04057,0.0,0.0,0.0,0.0,5.49255,0.02695,0.0,0.18924,0.0,0.0,0.0,0.0,0.00011,0.0,0.0,0.0,0.1289,0.04082,1.34042,0.0,0.04768,0.01379,0.0,0.3598,0.16268,0.05909,0.08375,0.0,0.00284,0.0,0.01341,0.03544,0.02547,0.0,0.07984,0.06525,0.0,0.21702,0.03815,0.0,0.0,0.81562,0.11102,0.05878,0.0,0.0,0.03832,0.18119,0.0,0.0,0.0157,0.06931,0.0,0.0,0.00132,0.0,0.0,0.0,0.0,0.01776,0.09782,0.0,0.0,3.79038,0.0,0.0,0.0,0.00309,0.0,0.04435,0.02342,0.0,0.01818,0.00025,0.00764,0.0,0.00287,0.0,0.0,0.0,0.18369,0.03164,0.00956,0.0,0.0,0.06001,0.02944,5.86923,0.0,0.0,0.0,0.0,0.23678,0.02431,0.01523,0.0,0.02009,0.0,0.00262,0.22074,0.0,0.0,0.00466,0.03153,0.13888,0.10626,0.0,0.01749,0.0,0.02316,0.02202,0.0,0.01054,0.0,0.00114,0.00675,0.0,0.0,0.01679,0.0052,0.02381,0.03907,0.0,0.0,0.00144,0.0,0.0,0.01282,0.0,0.11979,0.0,0.08652,0.0,0.0,0.0,0.01858,0.02851,0.0,0.01417,0.00805,0.0,0.02611,0.0,0.0,0.00481,0.0,0.00577,0.0,0.0,0.0,0.0,0.0,0.01137,0.00206,4.60866,0.0,0.00846,0.01908,0.0,0.0154,0.00279,0.0,0.01384,0.0,0.0,0.00093,0.0,0.00432,0.01733,0.0,0.0,0.0,0.00783,0.0,0.0,0.03171,0.00642,0.0,0.0,0.11788,0.0,0.0,0.0,0.0,0.01458,0.00364,0.0,0.0,0.0,0.0,0.0,0.35217,0.0,0.04652,0.0,0.0,0.0,0.0,0.0,0.00752,0.01536,0.0,0.0,0.0,0.0,0.0,2.79987,0.0,0.01514,0.01484,2.48995,0.0,0.0,0.0,0.0,0.0,0.0,0.0,0.01545,0.0,0.0,0.01597,0.0,0.01155,0.0,0.0,0.0029,0.0,0.0,0.0,0.05635,0.0,0.02163,0.0,0.0,0.0,0.00924,0.0,0.0,0.0,0.0,0.01001,0.0,0.0,0.0,1.06703,0.0,0.0,0.10675,0.0,0.0002,0.0,0.0,0.0,0.74347,0.0,0.0,0.0,0.0,0.0,0.0,0.02748,0.1394,0.0,0.00384,0.0061,0.05502,0.0,0.0135,0.0,0.01273,0.0,0.0,0.0,0.0,0.0,0.0,0.00104,0.00805,0.05112,0.0,0.00297,0.0,0.02277,0.0,0.0,0.0,0.0,0.0,0.0,0.0,0.00148,0.00886,0.0,0.0,0.0,0.0,0.0,0.0,0.0,0.0,0.0051,0.0,0.00293,0.0,0.01699,0.0,0.0,0.0,0.02405,0.0,0.0,0.0,0.0,0.0,0.0,0.0,0.0,0.0,0.0,0.0,0.0,0.0,0.0,0.0,0.0,0.0,0.0,0.0,0.0,0.0,0.00107,0.0,0.0,0.0,0.0,0.0,0.0,0.0,0.0,0.0,0.0,0.0,0.0,0.12814,0.0,0.0,0.0,0.0,0.0,0.0,0.0,0.0,0.0,0.0,0.0,0.0,0.0,0.0,0.0,0.00112,0.0,0.0,0.0,0.0,0.0,0.0,0.0,0.0,0.01979,0.0,0.0,0.0,0.0,0.0,0.0,0.0,0.0,0.0,0.0,0.0,0.0,0.0,0.29173,0.0,0.0,0.0,0.0,0.0,0.0,0.0,0.0,0.0,0.0,0.0,0.0,0.0,0.0,0.0,0.0,0.0,0.0,0.0,0.0,0.0,0.0,0.0,0.0,0.0,0.0,0.0,0.0,0.0,0.0,0.0,0
MSM_L2_E10,0.0,0.0,0.0,0.0,0.0,0.0,0.0,0.0,0.0,0.0,0.0,0.04905,2.20203,0.0,0.0,0.0,0.0,0.0,0.0,1.32549,0.39219,0.0,0.57879,0.34652,0.0033,0.0,0.0,2.36556,0.1807,0.0,0.0,0.0,0.0,0.0,0.15494,0.0,0.28309,0.0,0.0,0.0,0.0,0.31791,0.0,0.0,0.0,0.78669,0.0,0.0,0.0,0.11186,0.0,0.0,0.18679,3.36299,0.0,0.0,0.0,0.01501,0.0,0.12718,0.0,0.07152,0.0,0.08503,0.91067,0.0,0.0,2.12082,0.0,0.0,0.03264,0.0,0.78812,0.0,0.0,0.02218,0.19057,0.0,0.0,0.06144,0.0,0.0,0.0,0.0,0.0,0.0,0.0,0.0,0.19599,0.0,0.00927,0.0,0.0,0.0,0.0,0.0,0.0,0.0,0.0,0.0,0.38038,1.4786,0.0,0.1322,0.0,0.0,0.0,0.0,0.0,0.15126,0.02363,0.0,0.15141,0.0,0.20438,0.00557,0.01586,0.0,0.0,1.15488,0.07324,0.31821,0.14227,5.13257,0.0,0.18673,0.0,0.07288,0.0,0.0,0.0,0.0,0.01623,0.0,0.83842,0.0,0.0,0.18159,0.0,0.11127,2.06306,0.02809,0.0,0.01166,0.0,0.0,0.0,0.0,0.06862,0.0,0.0,0.0,0.0,0.0,0.0,0.0,0.00846,0.0,1.34324,0.0,8.72058,0.0,0.0,0.0,0.0,0.0,0.70153,0.03708,0.0,0.0,0.12869,0.0,0.0,0.23113,0.00064,0.10795,0.0,0.0,0.00273,0.0,0.0,0.01556,0.0,0.0,0.0,0.0293,0.0,0.0,0.0,0.10461,0.0,0.21398,0.01224,0.0,0.0,0.0,0.14344,0.03762,0.0,0.01375,0.0,0.13203,0.0,0.02769,0.14405,0.06156,0.0,0.01124,0.12352,0.00362,0.0,0.0,0.0,2.86248,0.0,0.0,0.0,0.0,0.0,0.0,0.0,4.13242,0.0,0.0,0.0,0.0,0.0,0.0,0.0,0.69005,0.0,0.0,0.0,0.0,0.0,0.0,0.0,0.0,0.0,0.0,0.10937,0.0,0.0,0.05003,0.0,0.0,0.0,0.0,0.0,0.0,0.0,0.0,0.02364,0.0,0.0,0.0,0.0,0.0,0.0,0.0,0.0,0.07812,0.0,0.0,0.04691,0.16388,0.0,0.0,0.0,0.0,0.0,0.0,0.0,0.0,0.05498,0.0,0.0,0.0,0.00587,0.04169,0.32991,0.0,0.51186,0.21555,0.0,0.0,0.0,0.0,0.00408,13.074,0.0,0.0,0.0,0.84467,0.0,0.0,0.0,0.55729,0.00273,0.12064,7.29834,0.0,0.0,0.0,0.0,0.29473,0.01285,1.66033,0.20543,0.00088,0.25454,0.0,0.0,0.01095,0.0,0.0,0.011,0.0,0.0,0.00415,1.99699,0.0,0.0,0.0,0.0,0.00703,0.0,0.0,0.02177,0.01976,0.0,0.0,0.0,0.08527,0.0,0.0,0.0,0.00834,0.0,0.0,0.0,0.0,4.60331,0.0,0.0,0.0,0.36487,0.09054,0.0,0.68534,0.0,0.0,0.0,0.0,0.00714,0.05599,0.0,0.0,0.0,5.55067,0.0,0.06324,0.00715,0.0,0.0,0.0,0.0,0.0,0.26713,0.02803,0.0,0.0,0.0,0.0,0.0,0.0,0.0,0.0,0.0,0.0,0.0,0.0,0.0,0.0,0.0,0.0,0.0,0.0,0.0,0.0,0.0,0.0,0.0,0.0,0.0,0.0,0.0,0.0,0.0,0.0,0.0,0.0,0.0,0.0,0.0,0.0,0.0,0.0,0.0,0.0,0.0,0.0,0.0,0.0,0.0,0.0,0.0,0.0,0.0,0.0,0.0,0.0,0.0,0.0,0.0,0.0,0.0,0.0,0.03159,0.76601,0.0,0.0,0.0,0.0,0.0,0.0,0.0,0.0,0.0,0.0,0.0,0.0,0.0,0.00269,0
MSM_L2_F4,0.0,0.0,0.0,0.0,0.0,0.0,0.0,0.0,1.4572,0.0,0.0,0.0,0.09246,0.0,0.0,0.0,0.0,4.31493,0.0,0.57823,0.0,0.0,0.0,0.02197,0.64003,0.0,0.0,1.01041,0.59233,0.0,0.0,0.0,2.58093,0.0,1.0405,0.0,4.78558,0.0,0.0,0.03451,0.0,0.04736,0.0,0.0,6.47328,0.55082,0.0,0.0,0.0,1.19974,0.35375,0.0,0.63468,2.50965,0.19362,0.0,0.0,0.26351,0.0,0.35444,0.06718,0.0,0.0,0.07702,0.21906,0.0,0.0,4.6607,0.0,0.0,0.05448,0.59496,11.09266,0.0,0.0,0.31885,0.32381,0.0,0.0,0.07905,0.05024,0.0,0.23902,0.32055,0.0,0.00211,0.0,0.0594,0.34532,0.17597,0.0,0.05672,0.0,0.0,0.0,0.0,0.0,0.0,0.0,0.0,0.03437,0.12884,0.00076,0.00254,0.0,0.0087,0.0,0.0,0.0,0.0198,0.00135,0.03963,0.04878,0.0,0.00223,0.02119,0.16844,0.0,0.00072,0.0,0.14648,0.41343,0.0,0.56024,0.0,1.46925,0.0,0.18777,0.0,0.0,0.12007,0.0,0.11211,0.01051,1.15639,0.0,0.0,0.01136,0.04935,0.00043,0.20297,0.03615,0.47698,0.0,0.0,0.07238,0.0,0.05228,0.0324,0.13056,0.87954,0.0,0.0046,0.0027,0.00826,0.0,0.01199,0.0159,0.08612,0.0,0.39736,0.0,0.0,0.0,0.0,0.0,0.0198,0.0,0.00889,0.0,0.05933,0.0,0.0,0.55496,0.06296,0.0,0.22869,0.0,0.01435,0.04894,0.0,0.02467,0.0,0.0,0.0,0.08957,0.0,0.0,0.01341,0.0403,0.0,0.02326,0.02168,0.0,0.01803,0.0,0.52019,0.00119,0.27021,0.00784,0.0,0.42538,0.02401,0.00814,0.95489,0.08063,0.00702,0.21435,0.05663,0.02489,0.0,0.00301,0.53917,0.71199,0.08454,0.0,0.0,0.0,0.0,0.08437,0.0,0.0,0.55243,0.0,0.0,0.0,0.0,0.0,0.00321,0.17384,0.0,0.0,0.1302,0.0,0.34943,0.0,0.0,0.0,0.05694,0.0,0.0,0.05441,0.03295,0.0,0.01066,0.0,0.0,0.00914,0.0,0.0,0.13236,0.01068,6.82094,0.00397,0.33687,0.0,0.01154,0.0,0.05863,0.0,0.0,0.0,0.13073,0.00481,0.00315,0.08268,0.00351,0.01369,0.0,0.02935,0.00188,0.0,0.00788,0.0,0.0,1.06011,0.51841,0.0,0.0,0.0,0.08519,0.0,1.18112,0.0,0.0,0.0,0.0,0.00526,0.0,0.0,0.02782,0.01696,0.0,0.0,0.03632,0.0,0.0,0.35817,0.0,0.311,0.05555,0.0,0.01881,0.0,0.40332,0.0,0.0,0.84106,0.07769,0.00464,0.0,0.0,0.0,0.0,0.16718,0.0,0.0,0.0,0.0,0.0,0.0,0.08252,2.27623,0.0,0.0,0.0,0.0,0.0,0.00728,0.0,0.13269,0.0,0.0,0.0,0.0,0.0,0.0,0.02565,0.03581,0.0,0.0,2.09975,0.12888,1.73641,0.0,0.0,1.72047,0.02737,0.19077,0.72175,0.01477,0.0,0.0,0.10504,0.0,0.0,0.0,0.00531,0.0,0.09661,0.0,0.37411,0.00618,0.0,0.0,0.0386,0.0235,0.0,9e-05,0.0,0.0,0.0,0.0,0.0,1.55705,0.0,0.0,0.0,0.0,0.0,0.0,0.0,0.0,0.09181,0.0,0.0,1.94079,0.0,0.0,0.04002,0.0,0.0,0.0,0.04953,0.0,0.0,0.0,0.0,0.0,0.0,0.0,0.0,0.0,0.03922,0.0,0.0,0.0,0.0,0.03302,0.0,0.0,0.0,0.0,0.0,0.0,0.0,0.0,0.0,0.02758,0.0,0.05425,0.01872,0.03286,0.0,0.0,0.00675,0.00544,0.0,1.75121,0.27665,0.0,0.0,0.0002,0.0,0.0,0.09725,0.0,0.0,0.00261,0.0,0.0,0.0,0.0,0.0,0
P040,0.0,3.46938,0.0,0.0,0.0,41.99555,0.0,0.0,0.0,0.0,0.0,0.0,1.82926,0.0,0.0,0.0,0.0,1.29257,0.0,0.1686,0.0,0.0,0.05067,0.49779,0.02838,0.0,0.0,0.0,0.01641,0.0,0.03193,0.0,0.0,0.0,0.0,0.0,1.10854,0.0,0.0,0.01243,0.0,0.00998,0.0,1.19466,0.0,0.50703,0.02728,0.0,0.11089,0.01215,0.28726,0.0,0.27624,0.42562,0.13461,0.03018,0.0,0.0,0.0,0.76358,0.04184,0.45674,0.0,0.00807,0.00291,0.00029,0.0,5.0931,0.0,0.0,0.09911,0.00273,0.41082,0.0,0.0,0.14927,0.22477,0.09995,0.0,0.0042,0.0,0.0,0.09763,0.00029,0.0,0.0,0.0,0.0,0.0518,0.09335,0.0,0.0,10.97363,0.04639,0.0,0.0,0.0,0.0,0.0,0.0,0.0,0.00924,0.0,0.18622,0.01057,0.07522,0.0,0.0,0.0,0.08499,0.02564,0.18269,0.05922,0.0,0.67396,0.15912,0.00361,0.0,0.05116,0.0,0.01764,0.04392,0.08842,0.02278,0.0,0.67092,0.0,0.0,0.0,0.0,0.03691,0.0,0.02464,0.02609,0.53693,0.0,0.0,0.0,0.0,0.0,0.00573,0.00275,0.05987,0.0019,0.0,0.06434,0.0,0.02416,0.0,0.12187,0.00403,0.00583,0.04765,0.00054,0.00786,0.0,0.0,0.0,0.24638,0.0,1.42999,0.0,0.0,0.03445,0.0,0.13009,0.05857,0.01217,0.04232,0.00422,0.17575,0.0,0.0,0.09929,0.00179,0.0,0.55817,0.0,0.0,0.0,0.0,0.0,0.0,0.0,0.00216,0.01306,0.0,0.66044,0.0,0.00337,0.00061,0.31055,0.02957,0.0,0.0,0.0,0.01478,0.01021,0.0,5e-05,0.0,0.42446,0.0,0.0,0.28538,0.02564,0.0,0.0,0.01055,0.00062,0.0,0.0,0.05997,0.12292,0.01272,0.0,0.0,0.0,0.0,0.0,0.07938,2.46846,0.32778,0.0,0.0,0.0,0.0,0.0,0.0,0.03429,0.0,0.0,0.0,0.0,0.03026,0.0,0.0,0.0,0.0,0.0,1.62568,0.0,0.00363,0.00473,0.0,0.0,0.0,0.0,0.00434,0.0,0.0,0.0,1.44539,0.00099,0.01607,0.0,0.0,0.0,0.0,0.0,0.0,0.0,0.00064,0.0,0.00165,0.00423,0.0,0.0001,0.0,0.0,0.0,0.0,0.0,0.0,0.0,0.0,0.02766,0.0,0.0,0.0,0.00925,0.0,0.07114,0.0,0.0,0.0,0.0,0.0,0.00098,0.07297,0.0674,0.02215,0.01393,0.02084,0.00164,0.0,0.0,0.0,0.0,0.0,0.03707,0.0,0.0396,0.035,0.0,0.0,0.02252,0.0,0.00173,0.0,0.0,0.00601,7e-05,0.0,0.0,0.0031,0.0,0.0,0.0,0.05197,0.15465,0.12979,0.0,0.0,0.0,0.0,0.02056,0.0,0.0,0.0,0.00537,0.0,0.0,0.02579,0.02952,0.0,0.0,0.00476,0.16343,0.0,7.18595,0.31809,0.0,0.01524,0.0,0.0,0.0179,0.0,0.08018,1.60565,0.0,0.0,0.0,0.0,0.0,0.0,0.0,0.0,0.0,0.0,0.0,0.11289,0.0,0.0,0.0,0.01238,0.06146,0.0,0.0,0.0,0.0,0.0,0.0,0.0,0.0,0.00736,0.0,0.0,0.0,0.0,0.0,0.0,0.0,0.0,0.0,0.0,0.04129,0.0,0.0,0.05914,0.0,0.02022,0.0168,0.0,0.0,0.0,0.0,0.0,0.0,0.08303,0.0,0.0,0.0,0.05401,0.0,0.08472,0.0,0.0,0.05429,0.0,0.0,0.0665,0.0,0.0,0.0,0.01511,0.0,0.0,0.0,0.0,0.0,0.0599,0.02476,0.0,0.01815,0.0003,0.0,0.0,0.0,0.0,0.0,0.0,0.0,0.0,0.0,0.0,0.0,0.0,0.0,0.0,0.0,0.0,0.0,0.0,0
P009,0.74311,0.65732,0.79449,1.67194,0.0,2.49928,0.46928,0.0,0.20714,0.86276,1.71192,0.94477,0.27707,0.22109,0.0221,1.04587,0.40762,0.256,0.10889,0.13068,0.0,0.56388,0.12496,0.0,0.18355,0.92122,0.0,0.2372,0.14088,0.00677,0.89108,0.0,0.0,3.00921,0.02704,0.24003,0.56298,0.5284,0.0,0.04902,0.04601,0.11258,0.17764,0.00086,0.00336,0.10735,0.53041,0.03416,0.0,0.00789,0.3212,0.0,0.01908,0.16652,0.16047,0.01729,0.0,0.01689,1.54973,0.11323,0.12411,0.0,0.0,0.38588,0.02789,0.00339,0.00789,0.13137,1.05054,0.18356,1.07703,0.00054,0.01651,0.05548,0.28323,0.02688,0.20551,0.00742,0.89571,0.07115,0.00105,0.07508,0.23339,0.0,0.00439,0.01424,1.69514,0.0,0.04397,0.03638,0.0,0.00473,1.2113,0.0909,0.0232,0.06477,0.06511,0.0,0.0584,0.0,0.0,0.0,0.1581,0.28974,0.00177,0.00885,0.56129,0.10926,0.00392,0.55689,0.00826,0.16525,0.00022,0.1841,0.01749,0.00677,0.0,0.01553,0.07108,0.0,0.10222,0.05848,0.04421,0.01357,0.50068,0.15321,3.0184,0.0029,0.0,0.03194,0.02461,0.02496,0.01537,0.00933,0.05507,0.0,0.03736,0.00649,0.00273,0.0,0.04323,0.00033,0.91297,0.00466,0.07026,0.03012,0.0,0.00085,0.00108,0.00976,0.12677,0.08061,0.11107,0.09155,0.0,0.0,0.0,0.0,1.46079,0.0,0.15455,0.08101,0.0,7e-05,0.15438,0.15318,0.0,0.0173,0.01515,0.0,0.03483,0.0,0.0,0.11296,0.00196,0.01877,0.40638,0.0,0.00839,0.00164,0.0,0.03331,0.01973,0.0,0.00329,0.03613,0.24407,0.05622,0.00269,0.14803,0.0,0.00415,0.00702,0.08455,0.00228,0.77472,0.00452,0.01378,0.14249,0.0,0.0,0.38875,0.0028,0.0,0.00035,0.04502,0.0597,0.0,0.0236,0.00244,0.00177,0.01804,0.03661,0.01245,0.0507,0.01987,0.0,0.01534,0.0,2.22769,9.20945,0.04404,0.0,0.0,0.15311,0.0,0.76234,0.02092,0.09605,0.0,0.0,2.22157,0.25313,0.0,0.40342,2.69617,0.0,0.22007,0.49385,0.40661,0.0,0.0,0.07117,0.003,0.0,0.04534,0.19696,0.01265,0.0,0.0,0.00063,0.55682,0.00973,0.01066,0.1634,0.0,0.06859,0.07256,0.0,0.01532,0.08625,0.0,0.09368,0.00064,3e-05,0.0111,0.0,0.00281,0.0,0.00419,0.0,0.0,0.0,0.00473,0.00369,0.00586,0.0,0.08976,0.00154,0.014,0.0,0.0,0.03284,0.0,0.01253,0.16976,0.05626,0.0,0.01112,0.0,0.05057,0.0,0.06461,0.0,0.0,0.08556,0.0,0.04056,0.0,0.0,0.07818,0.0,0.0,0.0,0.0,0.0,0.00324,0.01848,0.04103,0.00872,0.0,0.00075,0.00245,0.00706,0.07219,0.0,0.00988,0.0,0.0,0.00437,0.0,0.0,0.0,0.0,0.00011,0.0,0.0,0.0,0.0,0.0,0.0,0.93654,0.0172,0.0,0.00219,0.09219,0.0,0.00844,0.00256,0.0,0.0,0.0,0.01079,0.68647,0.00211,0.0,0.35984,0.0,0.34297,0.0,0.0,0.02061,0.7203,0.00613,0.0588,0.0,0.08481,0.02104,0.01731,0.1284,0.0,0.0,0.0,0.0,0.0,5e-05,0.04001,0.04524,0.0014,0.0,0.0,0.26453,0.31467,0.07391,0.00058,0.03381,0.15995,0.038,0.106,3.2186,1.72453,0.64526,0.0,0.64573,0.03221,0.16397,0.8338,0.3662,0.03442,3.32368,0.07595,0.00778,0.053,3.55132,0.0,0.0,0.0,0.0,0.0,1.28249,0.00565,0.21932,0.02934,0.03019,0.00855,0.0,0.00305,0.0,0.05216,0.0,0.0,0.0,0.01839,0.31503,0.0,0.0,0.20306,0.02034,0.0,0.05157,0.29989,0.02553,0.02982,0.0,0.01563,0.03781,0.0,0.0,0.08222,0.0,0.0,0.0,1.04297,0.0,0.09149,0.05749,0.36213,0.0,0.0,0.21623,0.41641,0.03485,0.0,0.0,0
KHK55,0.0,0.0,0.0,0.0,0.0,0.0573,0.0,0.0,1.23013,0.0,0.0,0.34068,1.78683,0.0,0.0,0.0,0.0,3.06073,0.0,0.40612,0.0,0.0,0.0,0.47771,2.51338,0.0,0.0,0.52533,0.16128,0.0,0.0,0.0,6.24676,0.0,0.07831,0.0,8.16865,0.0,0.46478,0.0,0.0,0.01619,0.0,0.0,0.0,0.37212,0.0,0.0,0.0,0.0878,1.21056,0.0,0.21187,0.24156,0.0,0.55375,0.0,0.86974,0.0,0.0,0.39231,0.01601,0.0,0.1049,0.40721,0.01235,0.0,1.41003,0.0,0.0,0.10545,0.11827,1.95562,0.0,0.0,0.0262,0.10639,0.04354,0.0,0.0157,0.7346,0.0,0.0,0.26293,0.0,0.0,0.0,0.06714,0.70284,1.19213,0.0,0.0,0.0,0.0,0.00194,0.0,0.00388,0.05841,0.0,0.00144,0.31811,0.05152,0.0,0.02451,0.0,0.0,0.0,0.0,0.0,0.065,0.01115,0.0,0.0,0.0,0.01157,0.11526,0.0,0.0,0.15999,0.0,0.02963,0.62509,0.14066,0.0,0.0,0.24381,0.0,0.02058,2.28388,0.0,1.35871,0.0,0.10683,0.02275,0.83101,0.0,0.0,0.13874,0.0,0.11957,0.2584,0.00945,0.0,0.04798,0.0,0.0,0.0,0.02781,0.02361,0.0,0.93421,0.0,0.0,0.0,0.02432,0.0,0.0,0.04379,1.18436,0.0,0.25395,0.0,0.0,0.0,0.0,0.05887,0.03514,0.01495,0.0,0.0,1.62685,0.0,0.0,0.0,0.05741,0.02799,1.95804,0.0,0.00537,0.0,0.0,0.01283,0.0,0.0,0.0,0.037,0.0,0.11144,0.00822,0.05185,0.0,0.00638,0.0,0.0,0.1611,0.0,0.01337,0.03651,0.0,0.002,0.02301,0.02732,0.01463,0.00886,0.18182,0.02052,0.02472,0.01292,0.06737,0.0,0.0,0.01374,0.24509,0.05503,0.04447,0.0,0.0,0.0,0.0,0.0,2.77516,0.0,0.61145,0.0,0.0,0.0,0.0,0.0,0.28708,0.05352,0.0,0.0,0.22703,0.0,1.61604,0.0,0.0,0.0,0.0,0.0,0.07795,0.0,0.03882,0.0,0.00697,0.05786,0.0,0.0,0.0,0.02284,0.2801,0.0,1.08285,0.0,0.0,0.01399,0.0,0.02017,0.02567,0.0,0.01143,0.0,0.00653,0.01867,0.05229,0.01033,0.0,0.01163,0.0,0.0,0.00265,0.00247,0.00021,0.00739,0.0,0.0,0.02849,0.0,0.00029,0.0,0.00456,0.0,0.0,0.0,0.04567,0.0,0.0,0.0,0.02294,2.16971,0.0,0.0,0.00368,4.25706,0.0,0.0,0.0,0.0,0.0,0.0,0.06006,0.0,0.17133,0.0,0.01467,0.0,0.02125,0.0,0.28224,0.00825,0.0,0.00151,0.0,0.00112,0.0,0.0,0.00432,0.00131,0.0,0.0,0.05506,0.21047,0.0,0.0,0.0,0.0,0.0,0.0,0.42471,0.0,0.03103,0.0,0.0,0.07785,0.0,0.0,0.0,0.0,0.0,0.0,0.0,0.0,0.58125,0.0,1.16042,0.0,0.0,0.28557,0.0,0.07701,0.0,0.0,0.0,0.01714,0.0,0.0768,0.0,0.09823,0.01473,0.0,0.0,0.04883,0.05962,0.08231,0.0,0.0,0.05465,0.0,0.0491,0.0,0.0,0.0,0.0,0.0,0.0,0.0,0.0,0.0,0.0,0.0,0.0,0.0,0.0,0.64039,0.0,0.0,0.0,0.0,0.0,0.0,0.0,0.0,0.0,0.0,0.0,0.0,0.0,0.64688,0.0,0.0,0.03121,0.0,0.0,0.0,0.0,0.0,0.0,0.0,0.0,0.0,0.0,0.0,0.0,0.0,0.0,0.0,0.0,0.0,0.0,0.0,0.0,0.0,0.0,0.0,0.00621,0.0,0.0,0.0,0.12581,0.0,0.0,0.0,0.0,0.0,0.0,0.0,0.0,0.0,0.0,0.0,0.0,0.0,0.0,0.0,0
